# $SPEC_ID:
# No sample description was entered.
# $SPEC_REM:
# DET# 1
# DETDESC# MYON MCB 337
# AP# Maestro Version 6.06
# $DATE_MEA:
# 06/26/2014 17:09:40
# $MEAS_TIM:
# 317320 317321
# $DATA:
# 0 511
       0
       0
       0
       0
     317
     220
       2
       0
     156
     156
     155
     163
     162
     161
     160
     149
     142
     147
     146
     129
     143
     131
     130
     124
     127
     133
     122
     102
     130
     114
     119
      98
      98
      87
      94
      76
      90
      77
      86
      65
      81
      75
      70
      82
      75
      87
      57
      63
      50
      62
      70
      61
      60
      63
      57
      66
      62
      46
      67
      50
      61
      64
      53
      48
      42
      46
      42
      58
      43
      37
      44
      55
      45
      43
      44
      37
      33
      41
      46
      43
      38
      31
      30
      33
      34
      35
      36
      40
      34
      27
      26
      33
      35
      29
      35
      29
      37
      29
      22
      23
      30
      24
      23
      31
      25
      19
      25
      21
      14
      18
      16
      15
      23
      14
      19
      19
      15
      22
      14
      14
      17
      12
      16
      14
      16
      13
      17
      10
      12
      18
      16
      13
      10
       9
      19
      16
      15
      12
      13
      10
      11
      11
       7
       8
      14
      14
      11
      11
      14
       5
      13
      16
      12
       5
      12
      16
      11
       7
       9
       9
      13
       5
       4
       8
      11
       8
      10
       5
       3
       3
       4
       9
       8
       9
      10
      12
       5
       5
       7
       6
      10
       5
       4
       6
       4
       4
       8
       7
       4
       5
       5
       6
      10
       4
       7
       9
       5
       6
       6
       8
      11
       3
       6
       4
       7
       8
       6
       1
       6
       5
       4
       2
       1
       8
       2
       6
       5
       5
       3
       4
       6
       3
       3
       5
       8
       4
       3
       6
       5
       8
       3
       6
       3
       2
       5
       5
       5
       5
       7
       2
       3
       5
       2
       5
       0
       4
       4
       1
       3
       3
       6
       3
       6
       0
       0
       0
       0
       0
       0
       0
       0
       0
       0
       0
       0
       0
       0
       0
       0
       0
       0
       0
       0
       0
       0
       0
       0
       0
       0
       0
       0
       0
       0
       0
       0
       0
       0
       0
       0
       0
       0
       0
       0
       0
       0
       0
       0
       0
       0
       0
       0
       0
       0
       0
       0
       0
       0
       0
       0
       0
       0
       0
       0
       0
       0
       0
       0
       0
       0
       0
       0
       0
       0
       0
       0
       0
       0
       0
       0
       0
       0
       0
       0
       0
       0
       0
       0
       0
       0
       0
       0
       0
       0
       0
       0
       0
       0
       0
       0
       0
       0
       0
       0
       0
       0
       0
       0
       0
       0
       0
       0
       0
       1
       0
       0
       0
       0
       0
       0
       0
       0
       0
       0
       0
       1
       0
       0
       0
       0
       0
       0
       0
       0
       0
       0
       0
       0
       0
       0
       0
       0
       0
       0
       0
       0
       0
       0
       0
       0
       0
       0
       0
       0
       0
       0
       0
       0
       0
       0
       0
       0
       0
       0
       0
       0
       0
       0
       0
       0
       0
       0
       0
       0
       0
       0
       0
       0
       0
       0
       0
       0
       0
       0
       0
       0
       0
       0
       0
       0
       0
       0
       0
       0
       0
       0
       0
       0
       0
       0
       0
       0
       0
       0
       0
       0
       0
       0
       0
       0
       0
       0
       0
       0
       0
       0
       0
       0
       0
       0
       0
       0
       0
       0
       0
       0
       0
       0
       0
       0
       0
       0
       0
       0
       0
       0
       0
       0
       0
       0
       0
       0
       0
       0
       0
       0
       0
       0
       0
       0
       0
       0
       0
       0
       0
       0
       0
       0
       0
       0
       0
       0
       0
# $ROI:
# 2
# 58 107
# 211 212
# $PRESETS:
# None
# 0
# 0
# $ENER_FIT:
# 0.023256 0.046512
# $MCA_CAL:
# 3
# 2.325583E-002 4.651163E-002 0.000000E+000 micr
# $SHAPE_CAL:
# 3
# 0.000000E+000 0.000000E+000 0.000000E+000
