$SPEC_ID:
No sample description was entered.
$SPEC_REM:
DET# 1
DETDESC# MCB 338
AP# Maestro Version 6.06
$DATE_MEA:
06/16/2014 12:58:39
$MEAS_TIM:
3546 3551
$DATA:
0 8191
       0
       0
       0
       0
       0
       0
       0
       0
       0
       0
       0
       0
       0
       0
       0
       0
       0
       0
       0
       0
       0
       0
       0
       0
       0
       0
       0
       0
       0
       0
       0
       0
       0
       0
       0
       0
       0
       0
       0
       0
       0
       0
       0
       0
       0
       0
       0
       0
       1
      14
     116
     143
     117
     144
     160
     154
     136
     131
     141
     121
     131
     138
     143
     128
     110
      94
     120
     116
     102
     118
     123
     109
     120
     117
      98
     101
      98
     104
      99
      94
     104
     119
     103
     105
     100
      95
     117
      87
     102
      87
      97
      93
      91
      86
     113
     109
      75
      81
      82
      79
      93
      73
      88
      88
      84
      74
      96
     110
      93
     103
      84
      73
      89
      88
      70
      93
      93
      78
      84
      94
      93
      68
      75
      94
      86
      75
      88
      74
      82
      78
      78
      91
      73
      75
      79
      77
      76
      72
      64
      62
      79
      66
      73
      79
      67
      71
      76
      57
      71
      76
      90
      66
      73
      81
      86
      93
      73
      76
      80
     131
     163
     123
      77
      72
      76
      66
      91
      59
      76
      67
      82
      80
      85
      74
      71
      67
      84
      94
      61
      84
      80
      72
      81
      99
     100
     111
     107
     114
     109
     136
     104
     122
     118
      95
      88
     123
     109
      94
      96
      92
     104
      78
      84
      89
      90
      77
      75
      78
      87
      93
      84
      91
     102
      87
      94
      84
     114
      99
     112
      98
      91
     109
      97
     124
     109
     111
     102
     102
     129
     118
     102
     113
     126
     128
     141
     271
     461
     441
     539
    1813
    4107
    3976
    1614
     305
      59
      60
      51
      38
      48
      69
      64
      57
      63
      64
      56
      66
      56
      43
      48
      72
      58
      56
      55
      52
      48
      55
      52
      66
      62
      60
      55
      63
      50
      69
      53
      51
      74
      61
      64
      55
      48
      57
      55
      55
      54
      62
      59
      55
      58
      50
      65
      61
      67
      56
      59
      60
      66
      63
      46
      65
      78
      62
      63
      54
      61
      56
      65
      51
      59
      54
      67
      48
      64
      52
      65
      53
      61
      76
      54
      69
      58
      60
      56
      68
      53
      50
      66
      56
      69
      67
      60
      61
      51
      75
      60
      58
      73
      68
      64
      66
      60
      64
      48
      73
      71
      65
      69
      66
      79
      56
      68
      59
      57
      58
      50
      64
      71
      63
      60
      59
      76
      63
      62
      61
      59
      62
      68
      58
      59
      64
      72
      77
      69
      83
      79
      64
      57
      70
      57
      60
      64
      86
      69
      86
      64
      85
      73
      62
      63
      87
      84
      68
      83
      86
      76
      78
      82
      79
      93
      71
      90
      81
      78
      85
      90
      84
      99
      93
     101
      85
      88
      98
     111
      88
      99
     100
      86
     104
      87
     108
      90
      83
      91
     110
      81
     107
      99
     101
      97
     105
      93
      98
     101
     106
      87
     106
      90
     117
     110
     124
     124
     124
     127
     126
     136
     139
     112
     141
     122
     127
     112
     117
     121
     132
     134
     114
     122
     128
     119
     140
     122
     111
     125
     126
     106
     118
      92
      97
     115
     112
     164
     208
     177
     114
      88
      92
      96
      88
      86
      95
      86
      99
      88
      77
      88
      85
      85
      80
      87
      85
      74
      71
      73
      69
      69
      69
      63
      87
      71
      64
      66
      62
      55
      68
      75
      70
      65
      74
      56
      68
      60
      49
      74
      70
      54
      66
      63
      76
      66
      61
      66
      56
      87
      72
      70
      56
      56
      63
      53
      71
      62
      42
      48
      63
      67
      44
      68
      53
      51
      61
      64
      68
      67
      65
      56
      65
      61
      65
      63
      61
      59
      64
      60
      71
      71
      52
      56
      46
      67
      70
      54
      53
      73
      50
      62
      59
      67
      62
      52
      61
      75
      57
      65
      48
      60
      60
      57
      70
      52
      65
      65
      67
      64
      52
      78
      67
      63
      56
      58
      57
      56
      56
      56
      58
      60
      61
      54
      63
      50
      51
      41
      55
      69
      52
      47
      57
      42
      43
      51
      42
      51
      48
      43
      40
      35
      40
      46
      47
      33
      36
      35
      40
      47
      36
      36
      33
      45
      43
      41
      51
      27
      28
      40
      29
      41
      33
      35
      38
      46
      32
      32
      38
      29
      41
      40
      37
      45
      40
      39
      31
      47
      48
      77
      78
      55
      36
      35
      31
      34
      27
      30
      28
      30
      22
      34
      37
      30
      39
      32
      26
      32
      32
      27
      29
      28
      20
      30
      27
      27
      26
      34
      33
      34
      23
      23
      27
      22
      24
      29
      34
      20
      26
      30
      24
      25
      20
      32
      29
      26
      28
      22
      23
      19
      22
      29
      24
      25
      25
      34
      24
      19
      28
      34
      16
      25
      25
      24
      23
      18
      22
      16
      24
      25
      25
      23
      22
      12
      25
      18
      26
      22
      20
      29
      26
      20
      19
      22
      29
      25
      26
      30
      23
      24
      17
      25
      23
      16
      16
      26
      19
      17
      21
      21
      15
      26
      14
      17
      16
      13
      16
      21
      15
      11
      27
      16
      17
      17
      17
      19
      18
      13
      12
      10
      17
      17
      19
      11
      17
      13
      21
      15
      19
      23
      22
      13
      23
      28
      16
      13
      31
      21
      18
      21
      14
      10
      13
      15
      16
      17
      23
      22
      17
      15
      35
     133
     325
     543
     500
     258
      67
      32
      13
      14
       9
      17
      12
      15
      14
      20
      13
      15
      17
      17
      17
      14
      11
      19
      13
      19
      16
      14
      17
      17
      11
      20
      20
      18
      18
      24
      15
      23
      15
      18
      11
      10
      16
       8
      17
      15
      15
      21
      15
      17
      17
       5
      12
      18
      17
      21
       7
      21
      19
      12
      16
      15
      16
      12
      12
      16
      13
      18
      10
      13
      17
      12
      14
      18
      13
      12
      21
     106
     437
     960
    1293
     941
     347
      83
      26
      14
      17
      14
      12
       6
       9
      13
      18
      11
       8
      16
      11
      15
       7
       4
      17
      10
      14
       8
      14
      22
      10
       8
       8
       9
      15
      11
      23
       9
      20
      15
      14
      12
       7
       7
      15
      12
       9
      13
       9
       8
      13
       9
      11
      19
      11
       5
      12
       9
      12
      10
      10
      14
      14
      12
      14
      11
      16
      12
      18
      15
      12
      13
      13
      15
      12
      10
       7
      14
      10
      10
      11
       8
       8
      15
      10
      15
       7
      13
      11
      16
       9
       9
      11
       8
      12
      12
      12
       8
       6
      14
      11
      10
       9
      13
      11
      13
       7
       8
      11
       9
      12
      14
      12
      12
      12
      17
      13
      11
      12
       8
       7
      15
      10
       8
      11
       3
      12
      11
       8
       7
      18
       9
      11
      14
      13
       9
       3
       7
      11
      14
      12
       9
       8
      12
      14
       9
      10
       7
      11
       9
       7
      13
      13
      11
      64
     305
    1305
    2855
    3321
    2488
    1028
     245
      32
      13
       8
      10
       5
       8
       5
       3
       4
       4
       2
       4
       5
       1
       1
       6
       5
       1
       4
       4
       4
       1
       2
       6
       1
       3
       0
       3
       3
       3
       2
       5
       8
       1
      10
       2
       1
       7
       1
       5
       3
       2
       5
       4
       3
       4
       5
       2
       5
       5
       3
       3
       6
       3
       2
       1
       3
       1
       1
       2
       1
       2
       3
       0
       3
       3
       3
       4
       2
       1
       1
       3
       2
      23
     107
     240
     422
     431
     249
      98
      15
       9
       2
       5
       3
       2
       2
       1
       4
       3
       5
       1
       2
       2
       2
       4
       1
       2
       1
       3
       1
       0
       3
       2
       2
       4
       3
       2
       1
       2
       3
       4
       2
       1
       2
       1
       2
       4
       1
       2
       3
       2
       1
       2
       2
       1
       2
       4
       3
       2
       0
       2
       2
       1
       1
       2
       2
       5
       0
       0
       1
       2
       0
       2
       2
       2
       1
       4
       3
       0
       3
       2
       3
       1
       1
       4
       1
       1
       1
       4
       3
       3
       3
       3
       1
       2
       6
       2
       1
       2
       2
       1
       2
       2
       3
       0
       1
       0
       3
       1
       3
       1
       2
       5
       3
       0
       1
       3
       3
       0
       2
       0
       5
       1
       0
       0
       2
       1
       0
       2
       3
       1
       5
       3
       4
       1
       3
       1
       2
       1
       1
       3
       0
       2
       1
       3
       2
       2
       1
       4
       3
       3
       3
       1
       0
       2
       1
       0
       2
       6
      12
       3
       3
       3
       2
       0
       3
       4
       1
       2
       2
       3
       2
       0
       2
       1
       2
       2
       4
       0
       0
       3
       1
       2
       1
       0
       3
       6
       1
       0
       2
       0
       3
       2
       4
       0
       4
       1
       2
       2
       1
       2
       0
       3
       5
       1
       1
       2
       1
       0
       1
       3
       0
       0
       2
       3
       2
       0
       0
       3
       2
       3
       2
       2
       2
       2
       0
       1
       0
       4
       2
       2
       3
       3
       1
       1
       1
       0
       3
       2
       1
       1
       3
       3
       1
       3
       2
       2
       2
       2
       1
       1
       2
       4
       1
       0
       3
       4
       5
       0
       1
       2
       1
       0
       2
       4
       0
       1
       2
       0
       3
       2
       3
       3
       1
       0
       2
       0
       2
       1
       4
       3
       2
       4
       1
       1
       1
       0
       0
       0
       4
       3
       4
       2
       2
       1
       2
       1
       1
       2
       2
       1
       2
       1
       4
       2
       2
       3
       2
       0
       1
       3
       2
       3
       0
       3
       0
       1
       2
       1
       0
       5
       3
       0
       1
       3
       0
       1
       2
       1
       1
       3
       2
       2
       2
       5
       0
       2
       1
       3
       1
       2
       0
       0
       1
       0
       3
       2
       2
       2
       2
       1
       1
       2
       2
       2
       0
       2
       1
       2
       0
       1
       0
       3
       2
       6
       2
       2
       0
       1
       3
       5
       5
       6
       3
       1
       9
       6
       4
       4
       2
       0
       0
       1
       3
       2
       1
       2
       1
       2
       2
       2
       1
       1
       1
       0
       1
       1
       2
       1
       1
       6
       1
       0
       3
       2
       1
       0
       1
       2
       1
       2
       3
       0
       1
       2
       2
       0
       1
       4
       4
       1
       3
       3
       0
       4
       2
       1
       3
       1
       0
       1
       0
       2
       0
       1
       0
       3
       1
       1
       3
       2
       2
       2
       1
       1
       3
       1
       2
       3
       1
       0
       1
       1
       3
       1
       2
       1
       4
       2
       1
       1
       1
       1
       1
       0
       2
       1
       2
       1
       1
       1
       0
       1
       0
       1
       2
       3
       3
       1
       1
       3
       3
       0
       1
       2
       2
       4
       0
       3
       0
       2
       2
       1
       1
       1
       0
       1
       1
       3
       1
       2
       1
       0
       0
       1
       2
       1
       1
       0
       2
       2
       1
       2
       0
       1
       0
       2
       1
       2
       0
       3
       2
       2
       1
       0
       3
       3
       2
       2
       1
       1
       1
       0
       1
       1
       1
       0
       1
       1
       0
       3
       0
       0
       2
       1
       1
       0
       1
       1
       0
       3
       1
       4
       3
       2
       1
       1
       3
       1
       0
       3
       0
       0
       1
       2
       1
       0
       2
       3
       0
       0
       4
       0
       0
       1
       1
       2
       0
       0
       1
       1
       2
       5
       3
       2
       2
       1
       1
       0
       2
       2
       4
       0
       0
       1
       2
       0
       1
       2
       2
       1
       2
       3
       0
       0
       0
       2
       0
       2
       0
       1
       2
       4
       2
       2
       1
       1
       2
       0
       3
       0
       2
       0
       1
       0
       0
       0
       2
       1
       1
       0
       2
       1
       1
       0
       2
       0
       3
       0
       3
       1
       0
       2
       0
       3
       3
       2
       1
       0
       3
       0
       3
       0
       0
       1
       0
       2
       2
       4
       2
       0
       3
       3
       3
       0
       1
       1
       0
       0
       1
       1
       1
       1
       2
       0
       2
       0
       2
       0
       2
       1
       0
       2
       0
       0
       1
       1
       0
       0
       4
       2
       3
       0
       0
       0
       1
       1
       2
       0
       1
       1
       0
       1
       3
       1
       1
       0
       1
       1
       1
       1
       0
       1
       4
       1
       0
       1
       1
       2
       0
       2
       2
       0
       0
       4
       2
       3
       2
       1
       1
       2
       2
       1
       1
       3
       1
       0
       1
       2
       1
       1
       0
       1
       0
       0
       0
       0
       4
       1
       2
       1
       2
       0
       1
       0
       1
       2
       0
       2
       1
       1
       0
       0
       1
       1
       2
       1
       3
       1
       1
       0
       0
       1
       1
       1
       1
       4
       2
       2
       1
       0
       0
       0
       1
       1
       0
       1
       1
       2
       1
       0
       0
       0
       1
       0
       2
       1
       1
       3
       1
       1
       0
       1
       1
       1
       1
       2
       1
       1
       5
       5
       5
       3
       0
       2
       2
       0
       1
       2
       1
       2
       1
       4
       4
       1
       1
       4
       0
       0
       2
       3
       2
       1
       1
       0
       1
       2
       4
       0
       0
       1
       2
       2
       2
       1
       3
       1
       3
       0
       1
       1
       0
       1
       4
       1
       0
       1
       1
       1
       0
       1
       1
       1
       2
       1
       2
       0
       1
       2
       0
       1
       0
       0
       0
       1
       1
       0
       2
       1
       1
       2
       0
       2
       0
       1
       3
       0
       1
       1
       1
       3
       2
       2
       2
       1
       1
       2
       1
       0
       0
       1
       2
       3
       1
       0
       0
       1
       2
       1
       1
       0
       0
       1
       4
       0
       2
       3
       4
       0
       0
       1
       4
       0
       3
       2
       1
       2
       0
       3
       4
       2
       1
       3
       0
       1
       1
       2
       1
       2
       2
       1
       1
       0
       1
       2
       0
       0
       1
       2
       0
       1
       2
       0
       2
       1
       1
       2
       3
       2
       0
       0
       3
       0
       0
       1
       1
       0
       1
       0
       1
       1
       0
       0
       1
       1
       1
       1
       0
       2
       1
       1
       0
       0
       1
       2
       3
       0
       0
       2
       0
       1
       1
       1
       1
       2
       1
       0
       0
       2
       0
       1
       0
       0
       2
       0
       1
       0
       1
       1
       3
       0
       1
       1
       0
       1
       0
       5
       2
       2
       0
       1
       2
       3
       1
       1
       1
       1
       1
       2
       0
       1
       0
       1
       0
       0
       0
       0
       0
       1
       2
       0
       3
       3
       1
       1
       2
       1
       2
       0
       2
       0
       2
       1
       1
       0
       0
       1
       0
       3
       2
       3
       0
       0
       3
       1
       2
       2
       1
       1
       0
       1
       3
       1
       0
       1
       1
       1
       1
       0
       0
       0
       0
       2
       0
       0
       0
       0
       1
       0
       1
       3
       2
       0
       0
       1
       0
       2
       2
       0
       3
       1
       0
       0
       0
       1
       2
       1
       1
       1
       2
       1
       0
       1
       1
       1
       0
       2
       1
       1
       3
       0
       0
       1
       0
       2
       0
       0
       0
       0
       2
       0
       0
       2
       0
       1
       1
       2
       6
       0
       2
       1
       2
       0
       0
       2
       3
       0
       1
       2
       0
       0
       2
       0
       3
       1
       1
       3
       2
       0
       0
       0
       0
       0
       2
       1
       0
       0
       2
       0
       0
       2
       0
       1
       1
       2
       0
       2
       0
       1
       1
       1
       2
       1
       1
       1
       3
       0
       2
       3
       1
       0
       0
       0
       0
       0
       2
       0
       3
       0
       0
       2
       1
       1
       0
       2
       2
       4
       1
       0
       0
       1
       0
       1
       0
       0
       0
       1
       0
       0
       1
       0
       1
       3
       1
       1
       0
       0
       1
       0
       1
       1
       1
       2
       1
       2
       0
       1
       0
       0
       0
       0
       0
       0
       1
       0
       0
       1
       0
       0
       0
       0
       2
       1
       0
       0
       3
       2
       2
       1
       0
       1
       1
       0
       0
       0
       1
       1
       2
       2
       0
       1
       2
       1
       0
       1
       0
       0
       1
       0
       1
       2
       0
       0
       2
       0
       1
       1
       0
       1
       3
       0
       0
       1
       1
       3
       0
       5
       3
       2
       0
       0
       1
       0
       0
       1
       1
       1
       0
       0
       2
       1
       0
       1
       1
       0
       1
       1
       0
       1
       2
       1
       0
       1
       2
       0
       1
       1
       1
       1
       1
       3
       0
       1
       1
       0
       0
       0
       2
       1
       1
       0
       1
       1
       0
       2
       2
       0
       1
       0
       1
       1
       1
       1
       0
       0
       0
       0
       0
       0
       0
       1
       0
       2
       1
       0
       3
       0
       0
       0
       0
       0
       0
       0
       0
       1
       0
       3
       1
       1
       2
       1
       0
       2
       2
       0
       1
       3
       0
       3
       1
       1
       0
       0
       1
       2
       1
       0
       0
       1
       0
       0
       1
       2
       0
       1
       2
       1
       0
       0
       0
       1
       2
       0
       1
       2
       1
       2
       1
       0
       0
       1
       3
       0
       0
       0
       1
       1
       0
       0
       0
       0
       1
       2
       1
       0
       0
       2
       0
       0
       2
       1
       0
       0
       0
       1
       3
       1
       1
       1
       0
       1
       0
       0
       2
       1
       1
       1
       2
       0
       3
       1
       0
       2
       2
       0
       1
       1
       1
       2
       1
       0
       0
       1
       0
       1
       0
       1
       1
       1
       0
       3
       2
       0
       1
       0
       1
       1
       0
       0
       0
       1
       1
       0
       1
       1
       2
       1
       1
       2
       1
       0
       1
       0
       2
       1
       0
       4
       2
       0
       0
       0
       1
       0
       0
       0
       0
       1
       0
       0
       1
       2
       0
       2
       1
       1
       0
       0
       1
       1
       1
       0
       3
       6
       2
       2
       0
       0
       1
       0
       0
       1
       0
       0
       0
       1
       0
       1
       2
       1
       0
       1
       1
       1
       0
       0
       1
       2
       0
       0
       2
       0
       1
       1
       0
       0
       1
       0
       0
       0
       1
       1
       0
       0
       3
       0
       0
       1
       0
       2
       1
       2
       0
       2
       1
       0
       0
       0
       0
       1
       2
       1
       0
       0
       1
       0
       0
       1
       1
       0
       0
       0
       2
       0
       1
       0
       1
       1
       1
       1
       4
       1
       1
       0
       0
       0
       0
       2
       1
       0
       1
       2
       1
       0
       0
       2
       1
       0
       0
       0
       2
       2
       1
       1
       1
       1
       0
       0
       1
       0
       1
       2
       0
       1
       1
       1
       1
       4
       1
       1
       0
       0
       0
       1
       3
       1
       0
       2
       1
       0
       1
       1
       1
       0
       0
       0
       0
       0
       1
       0
       0
       1
       1
       1
       1
       1
       0
       0
       1
       0
       1
       1
       1
       0
       0
       1
       0
       0
       0
       1
       3
       1
       3
       2
       0
       1
       0
       1
       3
       2
       0
       1
       0
       2
       1
       1
       1
       2
       2
       1
       0
       0
       2
       1
       1
       0
       0
       1
       0
       0
       1
       1
       1
       0
       1
       0
       0
       1
       0
       0
       1
       0
       3
       1
       1
       1
       0
       0
       0
       1
       1
       1
       1
       0
       2
       0
       2
       1
       0
       0
       0
       0
       1
       1
       0
       0
       1
       2
       0
       3
       0
       0
       1
       1
       0
       1
       0
       0
       0
       2
       0
       1
       0
       1
       1
       0
       0
       0
       1
       1
       1
       1
       0
       0
       0
       0
       0
       1
       0
       1
       0
       0
       1
       1
       1
       1
       1
       3
       1
       2
       1
       0
       1
       0
       0
       1
       1
       1
       1
       0
       1
       1
       0
       0
       2
       1
       1
       1
       0
       2
       0
       1
       1
       0
       0
       0
       0
       1
       1
       0
       1
       1
       0
       1
       1
       1
       1
       0
       0
       0
       1
       1
       0
       2
       0
       2
       1
       0
       0
       0
       0
       0
       2
       0
       0
       0
       0
       0
       0
       0
       2
       0
       0
       1
       2
       1
       1
       1
       1
       0
       0
       3
       0
       0
       0
       0
       0
       2
       1
       0
       1
       2
       1
       1
       1
       1
       1
       2
       0
       0
       0
       0
       1
       1
       3
       0
       0
       2
       0
       1
       2
       2
       0
       1
       0
       1
       0
       0
       1
       0
       1
       0
       2
       3
       1
       0
       1
       0
       0
       0
       1
       0
       2
       1
       2
       3
       0
       1
       0
       0
       1
       0
       0
       0
       0
       0
       0
       2
       0
       1
       0
       0
       1
       0
       0
       0
       0
       0
       0
       0
       1
       0
       0
       2
       0
       3
       0
       3
       0
       1
       2
       1
       1
       1
       1
       1
       1
       0
       0
       1
       0
       0
       0
       0
       2
       0
       3
       1
       0
       0
       0
       0
       2
       0
       1
       0
       0
       1
       0
       0
       1
       0
       1
       0
       2
       1
       1
       1
       1
       0
       1
       1
       0
       1
       2
       1
       0
       2
       1
       0
       1
       0
       0
       0
       0
       0
       1
       0
       0
       0
       0
       1
       1
       0
       1
       0
       0
       0
       1
       0
       0
       0
       1
       1
       1
       1
       0
       1
       1
       0
       0
       0
       0
       1
       1
       0
       0
       0
       4
       0
       0
       0
       2
       3
       0
       2
       1
       1
       0
       1
       0
       0
       2
       1
       2
       1
       0
       0
       0
       0
       0
       3
       1
       2
       0
       0
       0
       1
       0
       0
       2
       0
       0
       1
       0
       1
       0
       0
       0
       0
       1
       1
       0
       0
       0
       1
       2
       0
       1
       1
       1
       0
       1
       0
       2
       0
       0
       0
       1
       0
       1
       0
       0
       1
       1
       0
       0
       1
       0
       1
       0
       1
       0
       2
       2
       0
       1
       1
       1
       2
       0
       2
       0
       2
       1
       1
       0
       3
       0
       1
       1
       1
       1
       0
       1
       2
       0
       1
       0
       0
       1
       1
       0
       3
       0
       0
       1
       0
       0
       2
       0
       1
       1
       0
       0
       1
       0
       0
       1
       0
       0
       1
       1
       0
       3
       0
       0
       1
       0
       2
       0
       0
       0
       0
       1
       0
       1
       1
       0
       0
       1
       2
       1
       2
       0
       0
       1
       0
       0
       1
       0
       0
       1
       0
       2
       0
       0
       0
       0
       1
       0
       0
       0
       0
       1
       0
       1
       0
       0
       0
       0
       1
       1
       1
       0
       0
       0
       2
       1
       0
       0
       0
       1
       0
       1
       2
       1
       0
       0
       2
       1
       0
       2
       0
       0
       0
       1
       3
       0
       1
       0
       0
       0
       0
       0
       1
       0
       1
       1
       1
       1
       1
       0
       2
       1
       0
       0
       0
       2
       1
       0
       1
       1
       2
       0
       1
       1
       1
       2
       0
       0
       1
       1
       1
       0
       0
       0
       1
       2
       0
       1
       1
       0
       2
       0
       0
       0
       0
       1
       0
       0
       1
       1
       0
       2
       0
       0
       0
       0
       1
       0
       1
       0
       0
       0
       1
       2
       0
       0
       0
       0
       0
       0
       2
       1
       0
       0
       1
       1
       0
       0
       0
       1
       0
       1
       2
       0
       0
       2
       1
       1
       1
       1
       3
       0
       1
       1
       0
       2
       0
       1
       1
       0
       2
       0
       0
       0
       1
       0
       2
       0
       0
       0
       1
       1
       0
       0
       0
       0
       0
       0
       0
       2
       1
       1
       0
       0
       0
       0
       0
       1
       1
       1
       0
       0
       1
       0
       0
       0
       0
       1
       1
       1
       1
       0
       1
       0
       1
       1
       0
       1
       0
       0
       0
       0
       1
       0
       0
       0
       2
       2
       0
       0
       1
       1
       0
       0
       0
       0
       0
       0
       0
       0
       1
       0
       0
       0
       2
       0
       1
       1
       0
       0
       0
       0
       0
       1
       0
       0
       1
       0
       0
       1
       3
       1
       0
       0
       2
       0
       0
       1
       1
       0
       0
       1
       0
       4
       1
       0
       2
       1
       0
       2
       0
       1
       1
       0
       1
       1
       0
       1
       1
       0
       2
       0
       2
       0
       0
       0
       2
       2
       0
       2
       2
       0
       1
       0
       1
       3
       0
       0
       0
       0
       0
       0
       0
       0
       1
       1
       0
       0
       1
       0
       0
       1
       0
       1
       1
       1
       0
       1
       1
       1
       0
       0
       0
       0
       0
       1
       2
       0
       0
       0
       0
       0
       0
       2
       0
       0
       0
       0
       0
       1
       1
       0
       0
       0
       0
       0
       1
       1
       2
       0
       2
       0
       2
       1
       1
       0
       0
       1
       0
       0
       0
       0
       0
       1
       0
       1
       0
       0
       0
       1
       1
       0
       1
       0
       1
       0
       1
       2
       0
       0
       1
       0
       0
       1
       0
       0
       0
       1
       0
       0
       0
       1
       0
       0
       1
       1
       1
       2
       2
       0
       0
       1
       0
       0
       0
       0
       0
       1
       0
       2
       0
       1
       0
       2
       0
       0
       1
       1
       0
       1
       0
       0
       0
       0
       0
       0
       1
       1
       0
       3
       0
       0
       1
       0
       2
       1
       1
       0
       0
       0
       0
       0
       1
       0
       1
       0
       1
       0
       0
       0
       0
       0
       1
       0
       0
       0
       1
       0
       2
       0
       1
       0
       0
       0
       0
       0
       1
       2
       0
       1
       2
       1
       1
       1
       0
       1
       0
       1
       1
       0
       0
       0
       0
       0
       0
       0
       0
       1
       0
       0
       0
       0
       0
       0
       0
       0
       0
       0
       1
       0
       0
       1
       0
       0
       1
       0
       0
       0
       0
       0
       0
       0
       0
       0
       1
       1
       0
       0
       0
       1
       0
       0
       1
       1
       0
       0
       0
       0
       0
       0
       0
       1
       0
       0
       0
       0
       1
       0
       1
       2
       0
       1
       0
       0
       1
       0
       0
       0
       1
       1
       1
       0
       0
       2
       0
       0
       0
       2
       0
       0
       0
       0
       0
       0
       1
       1
       0
       0
       0
       0
       0
       0
       0
       1
       0
       0
       0
       0
       1
       0
       2
       0
       0
       0
       1
       0
       1
       1
       0
       0
       0
       0
       0
       0
       0
       0
       0
       1
       1
       1
       1
       1
       0
       0
       0
       0
       1
       0
       0
       0
       1
       1
       0
       0
       0
       0
       0
       1
       0
       0
       0
       0
       0
       0
       0
       0
       0
       0
       0
       0
       0
       0
       0
       1
       0
       0
       0
       0
       0
       0
       2
       0
       1
       0
       0
       0
       0
       0
       2
       0
       0
       1
       1
       0
       0
       0
       0
       0
       1
       1
       0
       2
       1
       0
       1
       1
       0
       0
       0
       0
       1
       0
       0
       2
       1
       0
       1
       0
       0
       0
       0
       2
       0
       4
       0
       0
       0
       0
       2
       0
       1
       0
       0
       2
       0
       0
       0
       0
       0
       1
       0
       1
       0
       1
       0
       0
       0
       0
       0
       0
       1
       0
       0
       0
       1
       0
       1
       1
       0
       1
       0
       0
       0
       1
       2
       1
       0
       0
       0
       1
       0
       0
       2
       0
       0
       1
       0
       0
       0
       0
       0
       0
       1
       1
       1
       0
       1
       0
       1
       0
       0
       0
       1
       0
       2
       0
       0
       0
       1
       0
       0
       0
       0
       1
       0
       0
       0
       1
       0
       0
       0
       0
       0
       0
       0
       0
       0
       0
       0
       1
       1
       0
       0
       0
       0
       1
       0
       1
       1
       0
       0
       0
       1
       1
       0
       0
       0
       0
       1
       0
       0
       0
       0
       0
       1
       2
       0
       1
       0
       1
       0
       0
       0
       0
       1
       1
       0
       0
       0
       0
       2
       1
       2
       0
       1
       0
       0
       0
       2
       0
       0
       0
       0
       0
       0
       0
       0
       0
       2
       0
       0
       1
       0
       1
       0
       0
       1
       0
       0
       1
       1
       1
       0
       1
       0
       0
       0
       1
       0
       0
       0
       0
       0
       1
       0
       1
       1
       0
       0
       0
       0
       0
       0
       0
       1
       1
       0
       0
       1
       0
       1
       0
       1
       0
       1
       0
       0
       0
       0
       1
       1
       0
       0
       0
       1
       0
       0
       0
       0
       0
       0
       0
       1
       0
       0
       0
       0
       0
       1
       1
       0
       0
       0
       0
       1
       0
       0
       0
       0
       1
       0
       0
       0
       0
       0
       1
       0
       0
       0
       4
       0
       5
       4
       6
       5
       5
       2
       3
       1
       1
       1
       0
       0
       0
       0
       0
       1
       0
       0
       0
       1
       1
       0
       0
       0
       0
       0
       0
       2
       0
       1
       0
       0
       0
       0
       0
       1
       0
       1
       0
       0
       0
       1
       0
       0
       0
       0
       1
       0
       3
       1
       1
       0
       0
       0
       0
       0
       1
       0
       0
       0
       0
       1
       0
       0
       1
       1
       0
       0
       1
       2
       0
       0
       1
       0
       0
       0
       0
       0
       1
       0
       0
       0
       0
       0
       1
       0
       0
       0
       0
       0
       0
       1
       0
       0
       0
       0
       1
       0
       0
       1
       0
       0
       0
       0
       2
       0
       0
       1
       0
       0
       1
       0
       0
       0
       1
       0
       0
       0
       2
       0
       0
       1
       1
       0
       0
       0
       0
       0
       0
       0
       0
       0
       1
       0
       0
       0
       0
       0
       0
       1
       0
       0
       1
       0
       0
       2
       0
       1
       0
       0
       0
       1
       0
       1
       1
       0
       0
       0
       0
       0
       1
       1
       0
       0
       0
       0
       0
       0
       0
       0
       0
       0
       0
       0
       0
       1
       0
       0
       0
       1
       0
       0
       1
       0
       0
       1
       0
       0
       0
       0
       1
       1
       0
       0
       0
       0
       0
       0
       1
       0
       1
       0
       0
       0
       0
       0
       0
       0
       0
       0
       1
       0
       0
       0
       0
       0
       1
       0
       0
       0
       0
       0
       0
       1
       0
       0
       0
       0
       1
       1
       0
       0
       0
       0
       0
       0
       0
       0
       0
       2
       0
       2
       0
       0
       2
       0
       1
       1
       0
       0
       0
       0
       0
       0
       1
       0
       0
       0
       0
       0
       0
       0
       0
       0
       1
       0
       0
       0
       0
       0
       0
       0
       0
       1
       0
       2
       0
       1
       0
       0
       0
       0
       1
       0
       0
       0
       1
       1
       0
       0
       0
       0
       0
       0
       0
       0
       0
       0
       0
       0
       0
       0
       0
       0
       0
       0
       1
       0
       0
       0
       0
       0
       1
       0
       0
       0
       0
       0
       0
       0
       0
       0
       0
       0
       0
       0
       1
       0
       0
       0
       0
       0
       0
       0
       0
       0
       1
       0
       0
       0
       0
       1
       0
       0
       1
       1
       1
       0
       0
       0
       0
       1
       0
       0
       0
       0
       1
       0
       0
       1
       1
       0
       0
       0
       1
       0
       0
       0
       0
       1
       0
       0
       0
       0
       0
       0
       0
       0
       0
       0
       0
       0
       1
       0
       0
       0
       0
       0
       1
       1
       1
       1
       1
       0
       0
       2
       0
       2
       0
       0
       0
       0
       0
       0
       0
       0
       2
       0
       0
       0
       0
       1
       0
       1
       0
       0
       2
       0
       1
       1
       0
       0
       0
       1
       0
       1
       0
       0
       0
       0
       0
       0
       0
       1
       0
       0
       0
       0
       0
       0
       1
       0
       0
       0
       0
       0
       1
       0
       0
       1
       0
       0
       0
       0
       0
       1
       0
       0
       0
       0
       0
       0
       0
       1
       0
       1
       2
       0
       1
       0
       0
       0
       0
       2
       0
       0
       0
       0
       0
       0
       0
       0
       0
       0
       1
       1
       0
       0
       0
       0
       0
       0
       0
       0
       0
       0
       0
       0
       0
       1
       0
       0
       0
       1
       0
       0
       0
       0
       0
       0
       1
       0
       0
       0
       1
       0
       0
       0
       1
       0
       0
       0
       0
       0
       0
       0
       1
       0
       0
       0
       0
       0
       0
       0
       0
       1
       0
       0
       0
       0
       0
       0
       0
       0
       0
       0
       0
       0
       0
       0
       0
       0
       0
       0
       0
       0
       0
       0
       0
       0
       0
       1
       1
       1
       0
       0
       0
       0
       1
       0
       0
       0
       1
       0
       2
       1
       0
       0
       0
       0
       0
       1
       0
       0
       0
       0
       0
       0
       0
       1
       0
       0
       1
       0
       0
       0
       0
       0
       1
       0
       0
       0
       1
       0
       0
       0
       0
       1
       0
       0
       0
       0
       0
       1
       0
       0
       0
       0
       0
       0
       0
       0
       0
       0
       0
       0
       0
       0
       0
       0
       0
       1
       0
       0
       0
       0
       0
       0
       0
       0
       1
       0
       0
       1
       0
       1
       0
       0
       2
       0
       0
       0
       0
       0
       0
       0
       0
       0
       0
       1
       0
       0
       1
       0
       0
       0
       0
       0
       0
       1
       0
       0
       0
       0
       0
       1
       0
       0
       0
       1
       1
       0
       0
       0
       2
       0
       0
       0
       0
       0
       0
       1
       0
       0
       0
       0
       0
       0
       0
       1
       0
       0
       0
       0
       0
       0
       0
       0
       0
       0
       0
       0
       0
       0
       0
       0
       0
       0
       0
       0
       1
       0
       0
       0
       0
       0
       0
       0
       0
       0
       0
       1
       0
       0
       0
       1
       0
       0
       0
       1
       0
       0
       0
       0
       0
       0
       0
       1
       0
       0
       0
       0
       0
       0
       0
       2
       0
       0
       0
       0
       0
       0
       0
       0
       0
       0
       0
       1
       0
       0
       1
       1
       1
       0
       0
       0
       0
       0
       0
       0
       1
       1
       0
       1
       1
       0
       1
       1
       0
       1
       0
       0
       0
       0
       0
       0
       1
       0
       0
       0
       0
       1
       0
       0
       0
       0
       0
       0
       0
       0
       0
       0
       0
       1
       0
       0
       1
       0
       0
       0
       0
       0
       0
       1
       0
       1
       0
       0
       0
       0
       0
       0
       0
       0
       0
       0
       0
       0
       0
       1
       0
       0
       0
       0
       0
       0
       0
       1
       0
       0
       0
       0
       0
       0
       0
       0
       0
       0
       0
       0
       0
       0
       2
       0
       1
       0
       0
       0
       0
       0
       1
       0
       1
       0
       0
       0
       1
       0
       2
       2
       0
       1
       2
       3
       2
       1
       0
       0
       0
       0
       1
       1
       0
       0
       0
       0
       0
       0
       0
       0
       0
       0
       0
       0
       1
       0
       0
       2
       0
       0
       0
       0
       0
       0
       0
       0
       0
       0
       0
       0
       0
       0
       0
       0
       0
       0
       0
       0
       0
       0
       0
       0
       0
       0
       0
       0
       0
       0
       0
       0
       1
       0
       0
       0
       0
       0
       1
       1
       0
       0
       0
       0
       0
       0
       0
       0
       0
       0
       0
       0
       0
       1
       0
       0
       0
       1
       0
       1
       0
       0
       0
       0
       0
       0
       0
       0
       0
       1
       0
       0
       1
       1
       0
       0
       0
       0
       0
       0
       1
       0
       1
       0
       0
       0
       0
       0
       0
       0
       0
       0
       1
       0
       1
       0
       0
       0
       0
       0
       0
       0
       1
       0
       0
       0
       0
       0
       0
       0
       0
       0
       0
       0
       0
       0
       0
       0
       0
       0
       0
       0
       0
       0
       1
       0
       0
       0
       0
       0
       0
       0
       0
       0
       0
       0
       0
       1
       0
       0
       0
       0
       0
       1
       0
       0
       1
       1
       0
       0
       1
       0
       0
       0
       0
       1
       0
       0
       0
       0
       0
       1
       0
       0
       1
       0
       0
       0
       0
       0
       0
       0
       0
       0
       0
       0
       0
       0
       0
       0
       0
       0
       0
       0
       1
       0
       0
       0
       0
       0
       0
       0
       0
       0
       1
       1
       0
       0
       0
       0
       1
       0
       0
       0
       0
       0
       0
       0
       0
       0
       0
       1
       0
       0
       0
       0
       0
       1
       0
       2
       0
       0
       0
       0
       1
       0
       0
       0
       0
       0
       0
       0
       0
       0
       0
       0
       0
       0
       0
       0
       0
       0
       0
       0
       0
       0
       0
       0
       0
       0
       0
       0
       0
       0
       0
       0
       0
       1
       1
       0
       0
       0
       0
       0
       0
       0
       0
       1
       0
       0
       0
       1
       0
       0
       0
       0
       0
       0
       0
       0
       0
       0
       1
       0
       0
       0
       2
       0
       0
       0
       0
       1
       0
       0
       0
       0
       0
       1
       0
       0
       1
       2
       0
       1
       0
       0
       0
       2
       0
       0
       0
       0
       0
       0
       2
       0
       0
       0
       0
       1
       0
       0
       0
       0
       0
       0
       0
       0
       0
       0
       0
       0
       0
       0
       0
       0
       0
       0
       0
       0
       1
       1
       0
       0
       0
       0
       0
       0
       0
       0
       0
       0
       1
       0
       0
       0
       1
       0
       0
       0
       0
       0
       1
       0
       0
       0
       0
       0
       0
       0
       0
       0
       0
       0
       0
       0
       0
       0
       0
       0
       0
       0
       0
       0
       0
       1
       0
       0
       0
       0
       1
       0
       1
       0
       0
       0
       0
       0
       0
       0
       0
       0
       0
       0
       0
       0
       0
       0
       0
       0
       0
       0
       1
       0
       0
       0
       1
       0
       2
       1
       0
       0
       0
       0
       0
       1
       0
       1
       0
       0
       0
       0
       0
       0
       0
       0
       0
       0
       0
       1
       0
       0
       0
       0
       0
       0
       0
       0
       0
       0
       0
       0
       0
       0
       0
       0
       0
       0
       0
       0
       0
       0
       0
       0
       1
       0
       0
       0
       0
       0
       0
       0
       0
       0
       0
       0
       0
       0
       0
       0
       0
       0
       0
       0
       0
       0
       0
       0
       0
       0
       0
       0
       0
       1
       0
       0
       1
       0
       0
       0
       1
       0
       0
       0
       0
       0
       0
       0
       0
       0
       0
       0
       0
       0
       0
       0
       0
       0
       0
       0
       0
       0
       0
       0
       0
       0
       0
       1
       0
       0
       0
       1
       0
       0
       0
       0
       0
       0
       0
       0
       0
       0
       0
       0
       1
       0
       0
       1
       0
       0
       0
       0
       0
       0
       0
       0
       0
       0
       0
       0
       1
       0
       0
       0
       0
       0
       0
       0
       0
       0
       0
       0
       1
       1
       0
       0
       0
       1
       0
       0
       0
       0
       0
       0
       0
       0
       0
       0
       0
       0
       0
       0
       0
       0
       0
       0
       0
       0
       0
       0
       0
       1
       1
       0
       0
       1
       0
       0
       0
       0
       0
       1
       0
       0
       0
       0
       0
       0
       0
       0
       0
       0
       0
       0
       0
       0
       0
       1
       0
       0
       0
       0
       0
       0
       0
       1
       0
       0
       0
       0
       0
       0
       0
       1
       0
       0
       0
       0
       1
       0
       0
       0
       0
       0
       0
       0
       0
       0
       0
       0
       0
       0
       0
       0
       0
       0
       0
       0
       0
       0
       0
       0
       0
       0
       0
       0
       0
       0
       0
       0
       0
       0
       1
       0
       0
       0
       0
       0
       0
       0
       0
       0
       0
       0
       0
       0
       0
       0
       0
       0
       0
       0
       1
       0
       0
       0
       0
       0
       2
       0
       0
       0
       0
       1
       0
       0
       0
       0
       0
       0
       0
       0
       1
       0
       0
       0
       0
       0
       0
       0
       0
       0
       0
       0
       1
       0
       0
       0
       0
       0
       0
       0
       0
       0
       0
       0
       0
       0
       0
       0
       0
       0
       0
       1
       0
       0
       1
       0
       0
       0
       0
       0
       0
       1
       0
       0
       0
       0
       0
       0
       0
       0
       0
       0
       0
       0
       0
       0
       1
       0
       0
       0
       0
       0
       0
       0
       0
       1
       0
       0
       0
       0
       0
       0
       0
       0
       1
       0
       0
       0
       0
       0
       0
       0
       0
       1
       0
       0
       0
       0
       0
       0
       0
       0
       0
       0
       0
       0
       0
       0
       0
       0
       0
       0
       0
       0
       0
       0
       0
       1
       0
       0
       0
       0
       0
       0
       0
       0
       1
       0
       0
       0
       0
       0
       0
       1
       0
       0
       1
       0
       1
       0
       0
       0
       0
       1
       0
       0
       0
       0
       0
       0
       0
       0
       0
       0
       0
       0
       0
       0
       0
       0
       0
       0
       0
       0
       0
       0
       1
       1
       0
       0
       0
       0
       0
       0
       0
       0
       0
       0
       1
       0
       0
       0
       0
       0
       1
       0
       0
       0
       0
       0
       0
       0
       0
       0
       1
       0
       0
       0
       0
       0
       0
       0
       0
       0
       0
       0
       0
       1
       0
       0
       1
       0
       0
       0
       0
       0
       0
       0
       0
       0
       0
       0
       0
       0
       0
       1
       0
       0
       0
       0
       0
       0
       0
       1
       0
       0
       0
       0
       0
       0
       0
       0
       0
       0
       0
       0
       0
       0
       0
       0
       0
       0
       0
       0
       0
       0
       0
       0
       0
       0
       0
       0
       0
       0
       0
       0
       0
       0
       0
       0
       0
       0
       0
       0
       0
       0
       0
       0
       0
       0
       0
       0
       1
       0
       0
       0
       2
       0
       1
       1
       0
       0
       0
       0
       0
       0
       0
       0
       0
       0
       0
       0
       0
       0
       0
       1
       0
       0
       0
       0
       1
       0
       0
       0
       0
       0
       0
       0
       0
       0
       0
       0
       0
       0
       0
       0
       0
       0
       0
       0
       0
       0
       0
       0
       0
       0
       0
       0
       0
       1
       0
       0
       0
       1
       0
       0
       0
       0
       0
       0
       0
       1
       0
       0
       0
       1
       0
       0
       0
       0
       0
       0
       0
       0
       0
       0
       0
       0
       0
       0
       0
       0
       0
       0
       0
       0
       0
       0
       0
       0
       0
       0
       0
       0
       0
       0
       0
       0
       0
       0
       0
       0
       0
       1
       0
       0
       0
       0
       0
       0
       0
       0
       0
       1
       0
       1
       0
       0
       0
       0
       0
       0
       0
       0
       0
       0
       1
       0
       0
       0
       0
       0
       0
       0
       0
       0
       1
       1
       0
       0
       0
       0
       0
       0
       0
       0
       0
       0
       0
       0
       0
       0
       0
       0
       0
       0
       0
       0
       0
       0
       0
       0
       0
       0
       0
       0
       0
       0
       0
       0
       1
       0
       0
       0
       1
       0
       0
       0
       0
       0
       0
       0
       0
       0
       0
       0
       0
       0
       0
       0
       1
       0
       0
       0
       0
       0
       0
       0
       0
       0
       0
       0
       0
       0
       0
       0
       0
       0
       0
       0
       0
       0
       0
       0
       0
       0
       0
       0
       0
       0
       0
       0
       0
       1
       0
       1
       0
       0
       0
       0
       0
       0
       0
       0
       0
       0
       0
       0
       0
       0
       0
       0
       0
       1
       1
       2
       4
       3
       0
       1
       0
       0
       0
       0
       0
       0
       0
       0
       0
       1
       0
       0
       0
       0
       0
       0
       0
       0
       0
       0
       0
       1
       0
       0
       0
       0
       0
       0
       0
       0
       0
       0
       0
       0
       0
       0
       0
       0
       0
       0
       0
       0
       0
       0
       0
       0
       0
       0
       0
       0
       0
       1
       1
       0
       0
       0
       0
       0
       0
       0
       0
       0
       0
       0
       0
       0
       0
       0
       0
       0
       0
       0
       0
       0
       0
       0
       1
       0
       0
       0
       0
       0
       0
       0
       0
       0
       0
       1
       0
       0
       0
       0
       0
       0
       0
       1
       0
       0
       0
       0
       0
       0
       0
       0
       0
       0
       0
       0
       0
       0
       0
       0
       0
       0
       0
       0
       0
       0
       0
       0
       0
       0
       0
       0
       0
       0
       0
       0
       1
       0
       0
       0
       0
       0
       0
       0
       0
       0
       0
       0
       0
       0
       0
       1
       0
       0
       0
       0
       0
       0
       0
       0
       0
       0
       0
       0
       0
       0
       0
       0
       0
       0
       0
       0
       0
       0
       0
       0
       0
       0
       0
       0
       0
       0
       0
       1
       0
       0
       0
       0
       1
       0
       1
       0
       0
       0
       0
       0
       0
       0
       0
       0
       0
       0
       0
       0
       0
       0
       1
       0
       0
       0
       0
       0
       0
       0
       0
       0
       0
       0
       0
       0
       0
       1
       0
       0
       0
       0
       0
       0
       0
       0
       0
       0
       0
       0
       0
       0
       0
       0
       0
       0
       0
       0
       0
       0
       0
       0
       0
       0
       0
       0
       0
       0
       0
       0
       0
       0
       0
       0
       0
       0
       0
       0
       0
       0
       0
       0
       0
       0
       0
       0
       0
       0
       0
       0
       0
       0
       0
       0
       0
       0
       0
       0
       0
       0
       0
       0
       0
       0
       1
       0
       0
       1
       0
       0
       0
       0
       1
       0
       0
       0
       0
       0
       0
       0
       0
       0
       0
       0
       0
       0
       0
       0
       0
       0
       0
       0
       0
       0
       0
       0
       0
       0
       1
       1
       0
       0
       0
       0
       0
       0
       0
       0
       0
       0
       0
       0
       0
       0
       0
       0
       0
       0
       1
       0
       0
       0
       0
       0
       0
       0
       1
       0
       0
       0
       0
       0
       0
       0
       0
       0
       0
       0
       0
       0
       1
       0
       0
       0
       0
       0
       1
       0
       0
       0
       0
       0
       0
       1
       0
       0
       0
       0
       0
       0
       0
       0
       0
       0
       0
       0
       0
       0
       0
       0
       0
       0
       0
       0
       0
       1
       0
       0
       0
       0
       0
       0
       0
       0
       0
       0
       0
       0
       0
       0
       0
       0
       0
       0
       0
       0
       0
       0
       0
       0
       0
       0
       0
       0
       0
       0
       0
       1
       0
       0
       0
       0
       0
       0
       0
       0
       1
       0
       0
       0
       0
       1
       0
       0
       0
       0
       0
       0
       0
       0
       1
       0
       1
       0
       0
       0
       0
       0
       0
       0
       0
       0
       1
       0
       0
       0
       0
       0
       0
       0
       0
       0
       1
       0
       0
       0
       0
       0
       0
       0
       0
       0
       0
       0
       0
       0
       0
       0
       0
       0
       0
       0
       0
       0
       0
       0
       0
       0
       0
       0
       0
       0
       0
       0
       0
       0
       0
       0
       0
       0
       0
       0
       0
       0
       0
       0
       0
       0
       0
       0
       0
       0
       0
       0
       0
       0
       0
       0
       0
       1
       0
       0
       0
       0
       0
       0
       0
       0
       0
       0
       0
       0
       0
       0
       0
       1
       0
       0
       1
       0
       0
       0
       0
       0
       0
       0
       0
       0
       0
       0
       1
       0
       0
       0
       0
       0
       0
       0
       0
       0
       0
       0
       0
       0
       0
       0
       1
       0
       0
       0
       0
       0
       0
       0
       0
       0
       0
       0
       0
       0
       0
       0
       0
       1
       0
       0
       0
       0
       0
       0
       0
       0
       0
       0
       0
       0
       0
       1
       0
       0
       0
       0
       0
       0
       0
       0
       0
       0
       0
       0
       0
       0
       1
       1
       0
       0
       0
       0
       0
       0
       0
       0
       0
       0
       0
       0
       0
       0
       0
       0
       0
       0
       0
       0
       0
       0
       0
       0
       0
       0
       0
       0
       0
       0
       0
       0
       0
       0
       0
       0
       0
       0
       0
       0
       0
       0
       0
       0
       0
       0
       0
       0
       0
       0
       0
       0
       0
       0
       0
       0
       0
       0
       0
       0
       0
       0
       0
       0
       0
       0
       0
       0
       0
       1
       0
       0
       0
       0
       0
       0
       1
       0
       0
       1
       1
       1
       0
       0
       0
       0
       0
       0
       0
       0
       0
       0
       0
       0
       0
       0
       0
       0
       0
       0
       0
       0
       0
       0
       0
       0
       0
       0
       0
       0
       0
       0
       0
       0
       0
       0
       0
       0
       0
       0
       0
       0
       0
       0
       0
       0
       0
       0
       0
       0
       0
       1
       0
       0
       0
       0
       0
       0
       0
       0
       0
       0
       0
       0
       0
       0
       0
       0
       0
       0
       0
       0
       0
       0
       0
       0
       0
       0
       0
       0
       0
       0
       0
       0
       0
       0
       0
       0
       0
       0
       0
       0
       0
       0
       0
       0
       1
       0
       0
       0
       0
       0
       0
       0
       0
       0
       0
       0
       0
       0
       0
       0
       0
       0
       0
       0
       0
       0
       0
       0
       1
       0
       0
       0
       1
       0
       0
       0
       0
       0
       0
       0
       0
       0
       0
       0
       0
       0
       0
       0
       0
       0
       0
       0
       0
       0
       0
       0
       0
       0
       0
       0
       0
       1
       0
       0
       0
       0
       0
       0
       0
       0
       0
       0
       0
       0
       0
       0
       0
       0
       0
       0
       0
       0
       0
       0
       0
       0
       1
       0
       0
       0
       0
       0
       0
       0
       0
       0
       0
       0
       0
       0
       0
       0
       0
       0
       0
       0
       0
       0
       0
       0
       0
       0
       0
       0
       0
       0
       0
       0
       0
       0
       0
       0
       0
       0
       0
       0
       0
       0
       0
       1
       0
       0
       0
       0
       0
       0
       0
       0
       0
       0
       0
       0
       0
       0
       0
       0
       0
       0
       0
       0
       0
       0
       0
       0
       0
       0
       0
       0
       0
       1
       0
       0
       0
       0
       0
       0
       1
       0
       0
       0
       0
       0
       0
       0
       0
       0
       0
       0
       0
       0
       0
       0
       0
       0
       0
       0
       0
       0
       0
       0
       0
       0
       0
       0
       0
       0
       0
       0
       0
       0
       0
       0
       0
       0
       0
       0
       0
       0
       0
       0
       0
       0
       0
       0
       0
       0
       0
       0
       0
       0
       0
       0
       0
       0
       0
       0
       0
       0
       0
       0
       0
       0
       0
       0
       0
       0
       0
       0
       0
       0
       0
       0
       0
       0
       0
       0
       0
       0
       0
       0
       0
       0
       0
       0
       0
       0
       0
       0
       0
       1
       0
       0
       0
       0
       0
       0
       0
       0
       0
       0
       0
       0
       0
       0
       0
       0
       0
       0
       0
       0
       0
       0
       0
       0
       0
       0
       0
       0
       0
       0
       0
       0
       0
       0
       0
       0
       0
       0
       0
       0
       0
       0
       0
       0
       0
       0
       1
       0
       0
       0
       0
       0
       0
       0
       0
       0
       0
       0
       0
       0
       0
       0
       0
       0
       0
       0
       0
       0
       0
       0
       0
       0
       0
       0
       0
       0
       0
       0
       0
       0
       0
       0
       0
       0
       0
       0
       0
       0
       0
       0
       0
       1
       0
       0
       0
       0
       0
       0
       0
       0
       0
       0
       0
       0
       0
       0
       0
       0
       0
       0
       0
       0
       0
       0
       0
       0
       0
       0
       0
       0
       0
       0
       0
       0
       0
       0
       0
       0
       0
       1
       0
       4
       2
       3
       0
       1
       0
       0
       0
       0
       0
       0
       0
       0
       0
       0
       0
       0
       0
       0
       0
       0
       0
       0
       0
       0
       0
       0
       0
       0
       0
       0
       0
       0
       0
       0
       0
       0
       0
       0
       0
       0
       0
       0
       0
       0
       0
       1
       0
       0
       0
       0
       0
       0
       0
       0
       0
       0
       0
       0
       0
       0
       0
       0
       0
       0
       0
       0
       0
       0
       0
       0
       0
       0
       0
       0
       0
       0
       0
       0
       0
       0
       0
       0
       0
       0
       0
       0
       0
       0
       0
       0
       0
       0
       0
       0
       0
       0
       0
       0
       0
       0
       0
       0
       0
       0
       0
       0
       0
       0
       0
       0
       0
       0
       0
       0
       0
       0
       0
       0
       0
       0
       0
       0
       0
       1
       0
       0
       0
       0
       0
       0
       0
       0
       0
       0
       0
       0
       0
       0
       0
       0
       0
       0
       0
       0
       0
       0
       0
       0
       0
       0
       0
       0
       0
       0
       0
       0
       0
       0
       0
       0
       0
       0
       0
       0
       0
       0
       0
       0
       0
       0
       0
       0
       0
       0
       0
       0
       0
       0
       1
       0
       0
       0
       0
       0
       0
       1
       0
       0
       0
       0
       0
       0
       0
       0
       0
       0
       0
       0
       0
       0
       0
       0
       0
       0
       0
       0
       0
       0
       0
       0
       0
       0
       0
       0
       0
       0
       0
       0
       0
       0
       0
       0
       0
       0
       0
       0
       0
       0
       0
       0
       0
       0
       0
       0
       0
       0
       0
       0
       0
       0
       0
       0
       0
       0
       0
       0
       0
       0
       0
       0
       0
       0
       0
       0
       0
       0
       0
       0
       0
       0
       1
       0
       0
       0
       0
       0
       0
       1
       0
       0
       0
       0
       0
       0
       0
       0
       0
       0
       0
       1
       0
       0
       0
       0
       0
       0
       0
       0
       0
       0
       0
       0
       0
       0
       0
       0
       0
       0
       0
       0
       0
       0
       0
       0
       0
       0
       0
       0
       0
       0
       0
       0
       0
       0
       0
       0
       0
       0
       0
       0
       0
       0
       0
       0
       0
       0
       0
       0
       0
       0
       0
       0
       0
       0
       0
       0
       0
       0
       0
       0
       1
       0
       0
       0
       0
       0
       0
       0
       0
       0
       0
       0
       0
       0
       0
       0
       0
       0
       0
       1
       0
       0
       0
       0
       0
       0
       0
       0
       0
       0
       0
       0
       0
       0
       0
       0
       0
       0
       0
       0
       0
       0
       0
       0
       0
       0
       0
       0
       0
       0
       0
       0
       0
       0
       0
       0
       0
       0
       0
       0
       0
       0
       0
       0
       1
       0
       0
       0
       0
       0
       0
       0
       0
       0
       1
       0
       0
       0
       0
       0
       0
       0
       0
       0
       0
       0
       0
       0
       0
       0
       1
       0
       0
       0
       0
       0
       1
       0
       0
       2
       0
       0
       0
       1
       0
       0
       0
       0
       1
       0
       0
       0
       0
       1
       0
       1
       0
       0
       0
       0
       0
       0
       0
       0
       0
       1
       0
       1
       0
       0
       2
       0
       0
       0
       0
       1
       0
       0
       0
       0
       0
       1
       0
       0
       0
       1
       0
       0
       0
       0
       0
       0
       0
       1
       1
       0
       0
       0
       0
       0
       0
       0
       1
       1
       0
       0
       0
       1
       0
       0
       1
       0
       0
       0
       1
       0
       0
       0
       0
       0
       1
       0
       1
       0
       0
       0
       0
       1
       0
       0
       0
       0
       0
       0
       0
       0
       0
       0
       1
       0
       0
       0
       0
       0
       0
       0
       0
       0
       1
       0
       0
       0
       0
       0
       0
       0
       1
       0
       2
       0
       1
       0
       0
       0
       0
       0
       0
       1
       0
       0
       0
       0
       0
       0
       0
       0
       0
       0
       0
       0
       0
       0
       3
       0
       0
       0
       1
       1
       0
       0
       0
       0
       0
       0
       0
       0
       0
       1
       0
       0
       0
       0
       0
       0
       0
       2
       0
       0
       1
       0
       0
       0
       0
$ROI:
6
112 115
211 241
384 394
596 612
615 621
1181 1201
$PRESETS:
None
0
0
$ENER_FIT:
-3.068388 0.575002
$MCA_CAL:
3
-3.068388E+000 5.750019E-001 0.000000E+000 keV
$SHAPE_CAL:
3
1.505919E+000 9.254546E-004 0.000000E+000
