$SPEC_ID:
No sample description was entered.
$SPEC_REM:
DET# 1
DETDESC# MCB 338
AP# Maestro Version 6.06
$DATE_MEA:
06/16/2014 11:13:07
$MEAS_TIM:
2964 2970
$DATA:
0 8191
       0
       0
       0
       0
       0
       0
       0
       0
       0
       0
       0
       0
       0
       0
       0
       0
       0
       0
       0
       0
       0
       0
       0
       0
       0
       0
       0
       0
       0
       0
       0
       0
       0
       0
       0
       0
       0
       0
       0
       0
       0
       0
       0
       0
       1
       1
       0
       0
       1
      21
     120
     144
     134
     111
     130
     115
     116
     128
     125
      99
     100
     110
     115
     131
     128
     100
      87
     100
     130
     111
     118
      88
     104
     103
      99
     109
      91
     104
     111
      86
     110
      99
      92
      96
      88
      94
     108
      86
     101
      87
      96
      76
      86
      87
      94
      92
     107
      87
      96
      77
      86
      96
      85
      85
      88
      82
     109
      91
      91
      92
      85
      90
      90
      91
      84
     107
      88
      83
     106
     149
     230
     277
     275
     177
     101
      91
      80
      79
      86
      74
      89
      83
      91
      82
      81
      95
     174
     233
     165
     130
     133
     134
      96
      70
      62
      76
      60
      68
      54
      69
      53
      68
      74
      67
      63
      76
      74
      61
      62
      57
      62
      63
      64
      59
      57
      54
      61
      72
      49
      74
      60
      56
      66
      49
      61
      62
      46
      53
      61
      59
      62
      46
      68
      56
      54
      66
      50
      61
      65
      55
      52
      55
      49
      53
      48
      58
      71
      57
      59
      69
      58
      66
      53
      60
      60
      57
      59
      55
      67
      59
      60
      54
      62
      51
      58
      61
      72
      67
      56
      74
      58
      61
     103
      80
      68
      59
      70
      59
      57
      62
      64
      69
      88
      56
      66
      79
      69
      71
      61
      59
      74
      82
      67
      78
      84
      89
      99
     108
      95
     111
     116
     107
     110
      99
      92
     102
     110
      71
     105
      95
      99
     107
      77
     100
      81
      79
      86
      85
      71
      74
      90
      97
      66
      79
      60
      98
      74
      54
      81
      66
      53
      72
      62
      68
      68
      76
      63
      68
      59
      77
      58
      61
      67
      81
      66
      63
      73
      74
      43
      80
      65
      65
      75
      70
      55
      88
      76
      83
      72
      83
      54
      74
      80
      80
      80
      80
      71
      87
      73
     109
      73
      87
      88
      68
      62
      90
      89
      84
      63
      78
      72
      88
      88
      93
      84
      83
      86
      94
      78
      77
      99
      79
      89
      99
     101
      89
      78
      76
      84
      98
      99
      76
      90
      98
      91
     148
     571
    2122
    4079
    3839
    1796
     476
     132
      83
      83
      71
      59
      68
      49
      69
      72
      41
      55
      48
      42
      48
      61
      69
      53
      58
      55
      58
      71
      54
      57
      57
      60
      53
      44
      57
      73
      66
      55
      65
      47
      54
      63
      50
      58
      57
      54
      63
      67
      62
      55
      43
      65
      40
      50
      53
      68
      55
      59
      58
      47
      54
      59
      59
      61
      52
      50
      56
      51
      53
      54
      51
      45
      52
      61
      53
      45
      74
      76
      64
      64
      71
      74
      67
      70
      56
     100
      62
      69
      71
      79
      73
      77
      71
      69
      78
      80
      71
      60
      78
      70
      66
      56
      55
      67
      56
      72
      66
      61
      60
      59
      65
      64
      51
      79
      63
      49
      70
      67
      70
      64
      68
      70
      70
      51
      63
      53
      51
      71
      70
      58
      52
      51
      62
      58
      49
      56
      49
      54
      59
      57
      60
      51
      49
      46
      50
      53
      49
      62
      63
      48
      48
      43
      44
      64
      46
      51
      40
      49
      61
      50
      49
      56
      58
      55
      58
      58
      45
      55
      46
      51
      51
      49
      54
      49
      48
      61
      63
      53
      45
      70
      55
      47
      52
      52
      55
      59
      49
      48
      46
      65
      49
      44
      53
      49
      46
      71
      41
      50
      35
      60
      51
      43
      50
      45
      46
      53
      53
      56
      46
      50
      40
      60
      56
      43
      58
      47
      51
      55
      57
      61
      54
      55
      38
      49
      45
      45
      46
      50
      42
      53
      45
      47
      50
      51
      63
      49
      47
      46
      46
      36
      41
      40
      53
      52
      43
      40
      44
      50
      38
      73
      55
      57
      62
      48
      43
      44
      47
      63
      50
      51
      38
      38
      60
      51
      37
      51
      58
      50
      47
      47
      57
      46
      54
      50
      48
      47
      52
      51
      54
      67
      39
      38
      44
      64
      48
      37
      58
      46
      46
      44
      44
      38
      45
      36
      37
      36
      41
      40
      37
      35
      45
      40
      35
      32
      45
      35
      39
      45
      41
      33
      50
      40
      37
      38
      42
      34
      40
      32
      44
      48
      29
      34
      36
      34
      41
      28
      46
      34
      30
      39
      42
      40
      33
      24
      35
      33
      41
      24
      33
      41
      27
      38
      43
      40
      26
      34
      31
      37
      31
      26
      25
      32
      39
      34
      32
      28
      58
     156
     454
     648
     568
     316
     110
      43
      34
      27
      23
      35
      33
      31
      19
      24
      40
      27
      31
      27
      19
      29
      27
      28
      35
      31
      41
      32
      24
      32
      22
      26
      38
      28
      20
      24
      29
      24
      30
      23
      26
      30
      24
      26
      30
      25
      29
      32
      25
      31
      26
      22
      20
      21
      19
      16
      22
      24
      11
      24
      18
      19
      22
      24
      17
      21
      23
      32
      26
      20
      16
      19
      23
      22
      23
      21
      19
      32
      30
      28
      25
      28
      29
      22
      23
      27
      18
      29
      25
      25
      26
      25
      22
      35
      32
      25
      17
      17
      24
      23
      24
      20
      17
      25
      17
      23
      27
      22
      23
      24
      17
      20
      23
      22
      31
      12
      30
      13
      17
      20
      24
      16
      19
      33
      22
      23
      19
      19
      22
      12
      31
      26
      19
      32
      20
      28
      23
      29
      28
      24
      16
      19
      12
      20
      27
      19
      23
      15
      26
      30
      29
      40
      51
      46
      30
      16
      15
      19
      20
      21
      26
      13
      17
      12
      17
      21
      16
      27
      19
      21
      20
      24
      20
      24
      19
      14
      19
      25
      37
      27
      17
      19
      24
      24
      31
      17
      20
      31
      19
      12
      17
      20
      18
      14
      22
      19
      17
      24
      15
      28
      11
      26
      22
      29
      17
      17
      23
      25
      17
      24
      24
      16
      18
      20
      12
      16
      28
      20
      20
      22
      23
      13
      22
      24
      20
      18
      16
      20
      18
      17
      18
      23
      27
      17
      27
      25
      27
      18
      18
      22
      21
      17
      15
      20
      14
      14
      27
      24
      26
      25
      18
      23
      25
      25
      30
      19
      14
      24
      20
      19
      21
      22
      17
      18
      22
      17
      22
      21
      12
      23
      23
      19
      15
      16
      30
      17
      21
      16
      18
      18
      24
      17
      20
      15
      20
      14
      16
      29
      64
     222
     721
    1366
    1500
    1028
     416
     115
      31
      22
      12
      18
      16
      17
      13
      14
      11
      11
      22
      13
      11
      22
      13
      16
      10
      13
      20
      13
       8
      16
      11
      15
      20
      12
      16
      14
       9
      17
      16
      18
      11
      11
      12
      12
       8
      11
      15
      17
       8
      16
      13
      21
      16
      17
      13
      21
      20
      14
      20
      22
      13
      12
      13
      17
      19
      17
      13
      15
      15
      28
      34
      51
      51
      40
      28
      13
      16
      16
      10
      18
      18
      12
       9
       5
      14
      12
      20
      11
       8
      22
      21
      14
      16
      16
      20
      16
       6
      20
      16
       9
      14
      13
      22
      15
       9
      12
      11
      18
      14
      25
      19
      12
      13
      12
      10
      15
      14
      23
      15
      15
      10
       9
       8
      14
      22
      18
      12
      16
      15
      17
      19
      14
      20
      13
      17
      22
      10
      17
      12
       8
      12
       9
       8
      11
      18
      15
      10
      12
      15
       6
       5
      12
       7
      10
      11
      11
      11
      15
      18
       8
      20
       9
      23
      13
      15
      13
       9
      10
      19
      17
      12
       9
      16
      15
      12
      17
      13
      13
      10
      13
      16
      14
      19
      20
      10
      14
       6
       9
      12
       8
      19
      17
       8
      11
      17
      46
      91
     110
     100
      64
      33
      16
      10
      12
      22
      16
      16
      13
      12
      22
      16
      24
      17
      13
      17
      19
      16
      17
      12
      12
       9
      19
      13
      11
      18
      11
       9
      17
      19
      14
      14
      16
      14
      12
      12
      17
      11
      16
       9
      14
      14
      11
      15
      18
      15
      16
      12
      13
      14
      13
      14
      17
      18
      13
      13
      12
      15
      13
      12
       8
      14
      23
      10
      13
      21
      11
      12
       7
      11
      10
      17
      12
      15
      10
      15
      13
      12
       7
      10
      16
       9
      14
      10
      10
      14
       9
       7
      13
      13
      19
      50
      88
     130
     119
      65
      37
      29
      19
      14
      11
      12
      11
      16
      11
       9
      13
      11
      14
      15
      14
      15
       9
      13
      11
      18
      17
      22
      10
      12
      16
       7
      13
      15
      15
      11
      15
      20
      20
      14
      17
      17
      14
      10
      11
      16
      12
       6
      14
       7
      15
      15
       9
       9
      13
      11
      13
      11
      16
      14
      11
      10
      16
      14
      17
      14
      21
      18
      10
      12
      10
      12
      16
      11
      10
      13
      15
      10
      10
      14
       6
      14
      18
      18
      18
      12
      12
      13
       8
      13
      17
       8
      16
      12
      14
      13
      10
      12
      18
      16
      11
      14
      19
      15
      13
       6
      15
      17
       6
      15
       8
      16
      16
      11
      14
      21
       6
       7
      11
      11
      10
      12
      15
      16
      14
      12
      17
      17
      13
      20
      11
      19
      29
      25
      21
      16
      14
      12
      13
      12
      14
      14
      16
      14
      16
       3
      14
      17
      18
      13
      14
      15
      11
      18
      14
      22
      12
      15
      11
       9
      16
      16
      10
       9
      16
      17
      15
      18
       8
      19
      12
      11
      18
      11
      17
      11
      17
      16
      13
      13
      20
      11
      10
      11
      12
      17
      10
      19
      15
      12
      13
      14
      10
       7
      20
      15
      20
      24
      19
      17
      14
      18
      19
       9
      19
      20
      13
      13
      23
      13
      12
      19
      14
       9
      11
      15
      16
       6
      13
      11
      10
      11
      18
      11
       9
      13
      13
      11
      13
      13
      16
      15
      13
      13
      12
       6
      20
      15
      14
      17
       8
      12
      21
       9
      14
      19
      12
      10
      11
      14
      21
      13
       6
      16
      16
      14
      11
      16
      18
      19
       6
      12
      18
      22
      16
      11
      20
      13
      13
      27
      14
      10
      12
      18
      16
      14
      14
      16
      12
      12
      10
      10
      17
      13
      19
      19
       7
      10
       8
      19
      10
       9
      19
      13
      18
      11
       8
      12
      11
      14
      15
      19
      13
       9
      16
      10
      13
      10
      18
       8
      13
      12
      17
      13
      17
      12
      21
      16
      17
      11
      17
      18
      11
      11
      18
      14
      17
      15
      17
      14
      10
      13
      12
      13
      11
      10
      22
      10
      15
      11
      14
      11
      15
      24
      15
      16
      13
      12
      14
      26
      22
      28
      25
      17
      18
      13
      18
      20
      20
       9
      16
      20
      18
      15
      13
       7
       9
      10
      10
      15
      13
      13
       8
      19
      13
      18
       7
      15
      11
      18
      16
      13
      20
      15
      11
      15
      14
       9
      17
      14
       9
      18
      24
      13
      15
      16
      11
      12
      19
      11
      13
      19
      18
      11
      14
      16
      13
      16
      12
      11
      13
      16
      14
      19
      28
      20
      27
      28
      12
       8
      12
      13
      11
       9
      14
       9
      10
      12
      15
      11
      11
       9
       7
      16
      11
      14
      14
       8
      11
      11
      12
      12
      11
       9
      12
      11
       8
       8
      16
      11
      10
       9
      21
      14
      16
      16
      12
      15
       9
      13
       8
       8
      11
      14
      15
      11
      20
      15
       8
       6
       8
       9
      14
       7
      13
      14
      15
      10
      18
      14
      14
      14
      15
      15
       7
      14
      11
      11
      12
      11
      16
      10
       8
       9
      11
       7
       6
      14
      12
       7
      10
      14
       9
      11
       9
      10
       8
      11
       7
       9
      15
      12
      13
      11
      11
       8
      11
       9
       8
      12
      11
       7
       9
      10
       7
      13
       7
      14
      12
       7
      12
      11
      16
       8
       7
      11
      10
      17
      12
       3
      15
       9
      12
      12
      13
      15
       4
       8
      11
      13
      11
       9
      12
       9
      11
      14
      16
      13
      13
      13
      14
       7
      14
      12
      16
       9
       9
      14
      12
       8
       9
       9
       7
       8
       9
      12
      14
      12
      12
      12
      10
       8
      10
      12
      18
      15
      16
      11
       9
      11
      10
       8
       5
      15
      17
      11
       7
      13
      15
      14
      10
       7
      12
       7
      10
      11
      11
      13
      13
      10
      13
      16
      11
       9
      13
      11
      13
      11
      14
      15
      24
      18
      12
      11
       7
      15
      10
      15
      16
      10
      16
       7
      16
      11
       9
      11
      12
      10
      14
      12
      11
       8
      11
      11
      15
       8
       9
      10
      13
      15
       6
      17
      17
      16
       7
      13
      12
      19
      14
       5
      21
       7
      12
      10
       6
      12
       2
       9
      11
      15
      13
      15
      14
      15
       5
       3
       7
      14
       7
      10
      11
      22
      20
      21
      27
      15
      18
      14
      14
      15
       8
       7
      13
       9
      12
       8
       8
       9
      10
      10
      11
      11
      12
      11
      11
      10
      10
      14
       8
      12
      27
      23
      34
      34
      24
      16
      11
      10
       9
      10
      10
       7
      11
      11
      10
      15
      11
       9
      10
      10
       8
      10
       9
       9
       8
      10
      13
      10
       7
      14
      13
      10
      11
      13
      14
      17
       8
      10
      11
       8
      15
      15
      10
      14
      19
      16
      15
      11
      12
      12
      11
      11
       8
      11
       9
      10
      11
       6
      15
      10
       9
       8
       8
       6
       9
       9
      16
       9
      13
      10
      19
      12
      19
      13
      12
      13
      17
      15
      18
      10
       9
      15
       5
      12
      15
      10
      14
      12
       9
      14
      17
      25
      22
      12
      14
       7
       7
      17
       8
      10
      17
      13
      15
      12
      16
      15
      15
      10
      14
      15
      14
       9
      15
       7
       6
      11
      15
      13
       8
      13
      14
      13
       9
       8
       5
      18
      16
      14
      14
      15
      12
       9
       4
      15
      12
      13
       8
       8
       9
      15
       8
       5
       9
      14
       9
      12
       9
      10
      14
      11
       7
      12
      15
      16
      13
      10
       7
       8
      14
      11
       5
      16
       7
      10
      13
      11
      10
       7
      12
      18
      10
      12
      13
      12
      11
      15
       7
      18
       9
       7
       8
      10
      11
      10
      14
       9
      13
       7
      12
      10
      13
      14
       8
      17
      11
      13
       7
      13
      18
      11
      12
       9
      12
       9
      10
      10
       7
      10
      10
       4
       8
      10
       8
      15
      19
       7
      13
      11
      12
       8
       6
      10
      17
      17
      11
      10
      14
      11
       7
      13
      11
       7
      11
       7
      11
       9
       4
      14
      12
      13
       7
      11
      11
       9
      10
       7
      10
      15
       6
      11
       7
      11
      13
      11
       7
       8
       6
       6
      14
      19
      38
     115
     170
     229
     233
     172
      95
      44
      14
       7
      12
      11
      14
       6
       7
       6
      14
      10
       8
      17
       7
       7
      11
      13
       9
       6
       8
       8
      11
       4
       7
      10
       6
       7
      13
       4
       6
      10
      15
       6
       9
      13
      15
      10
      10
      10
       7
      10
       6
      11
       4
       9
      11
      11
      12
       5
      13
      10
      13
      12
       5
      15
       4
       8
      16
      13
       7
      13
      16
       5
       5
      13
      11
       6
       8
      12
       8
       7
       5
      10
       9
       9
       8
       7
      13
       8
       7
       8
      13
       9
      10
       5
       7
      13
      14
      12
      17
       9
      11
       9
      11
      10
      11
       9
      12
       5
      11
      11
      10
      10
       4
       4
       8
       9
       7
       7
      11
      12
       4
       6
      10
       9
       7
       7
       8
       8
      14
      12
       8
       8
       6
       8
       8
       9
       8
       7
      13
      12
       5
       6
       4
       6
       6
       6
       9
       8
       7
       9
       9
      11
       6
      11
       9
       8
      13
       6
       7
       9
       7
      13
       7
      10
       6
      11
      10
       6
       8
       5
      13
      11
       9
      13
       6
       9
      10
      11
       6
       5
       9
       7
       7
       6
       8
       8
      14
       5
       9
      10
      11
       7
       4
       8
       8
       4
      11
      10
      11
       9
       7
      13
       8
       9
       7
       6
      13
       5
       6
       7
      10
       7
      14
       6
       8
      11
       8
       8
       6
       9
       4
      11
       8
       7
      10
      10
       7
      11
      15
       5
      10
      15
       8
       9
      10
       7
      15
      10
       7
       9
      12
       5
      13
       8
       5
       9
      12
      11
       8
       9
       7
       6
       6
      10
       6
       7
      15
      12
      17
      25
      61
      67
      89
      65
      42
      24
      13
       4
       9
       6
       9
       7
       4
      14
       8
       8
       8
       7
      10
      16
      10
      13
       7
       8
       6
      13
      15
      13
       9
      11
       7
      13
       8
      12
       5
       4
      14
       7
       9
      12
      19
       8
       7
      11
      11
      11
       5
       8
       6
       4
       6
       8
       7
      12
      10
       1
       7
      19
       5
       7
      10
       9
      10
       9
      10
       7
      10
       7
       3
       4
       7
       7
       8
       7
       9
      10
      16
       5
       8
      10
       8
      10
       5
       9
      14
      17
       5
      11
      11
       9
       9
       6
       6
       6
      10
      12
      13
       4
       8
       4
       8
       8
       6
       7
      11
       5
       7
      11
       7
      10
       6
      12
       7
       8
       8
       3
       8
       8
       9
       8
       7
       7
       3
       5
      10
      11
       4
       9
      10
       2
      12
       7
       4
      10
       3
       9
       7
       5
       5
       7
       6
       2
       6
       5
       7
       9
       5
      10
       6
       9
       9
      13
      13
      13
      17
      13
       4
       8
       6
       7
      12
       5
      11
       8
      10
       5
       9
       5
       3
       4
      11
      15
      10
       4
       8
       8
       5
       7
       4
       4
       9
       5
      13
       7
       9
       3
      11
      13
       9
      10
       7
       8
       5
       8
       9
       7
       7
       7
       8
       7
       3
       7
       8
       5
       2
       8
       4
       5
       9
       8
       4
       5
       5
       8
       6
       6
       3
       7
       5
       0
       1
      10
       3
       7
       6
       9
       4
      10
       5
       6
       7
       2
      10
       5
       6
       8
       7
       5
       8
       3
       6
       1
       2
       4
       8
       4
       5
       4
       2
       6
       6
       7
       9
       7
       5
       5
       3
       7
       4
       7
       6
       2
       4
       5
       7
       6
       4
       5
       4
       9
       7
       8
       8
       3
       4
       4
       6
      23
      38
      76
     132
     184
     219
     184
     110
      59
      24
      13
       6
       3
       7
       3
       7
       2
       6
       5
       7
       1
       4
       8
       6
       3
       7
       8
       3
       3
       5
       5
       1
       5
       3
       4
       2
       6
       4
       7
       4
      10
       1
       4
       3
       9
       6
       1
       9
       3
       3
       2
       3
       4
       1
       4
       3
       5
       2
       4
       5
       7
       9
       5
       4
       3
       1
       2
       5
       5
       3
       7
       4
       8
       2
       6
      10
       8
       0
       4
       3
       1
       4
       4
       7
       5
       7
       6
       7
       9
       3
       6
       5
       2
       5
       6
       5
       3
       7
       3
       4
       5
       8
       2
       2
       7
       8
       8
       1
       7
       6
       2
       3
       8
       5
       3
       0
       2
       4
       2
       5
       5
      13
       9
       7
      14
      18
       9
       7
       4
       7
       2
       6
       3
       5
       1
       1
       3
       3
       6
       5
       2
       3
       1
       3
       0
       2
       3
       4
       1
       6
       4
       1
       2
       1
       6
       5
       4
       2
       3
       1
       5
       8
       5
       2
       3
       0
       3
       6
       6
       4
       6
       7
       3
       2
       1
       2
       5
       3
       3
       5
       5
       3
       3
       4
      10
       3
       2
       3
       4
       7
       6
       6
       2
       5
       5
       4
       3
       4
       2
       2
       9
       4
       3
       8
       3
       8
       5
       4
       4
       6
       5
       7
       2
       4
       1
       9
      10
       5
       6
       3
       2
       4
       5
       4
       4
       2
       2
       3
       2
       5
       4
       2
       7
       5
       6
       3
       2
       3
       4
       3
       3
       4
       3
       4
       3
       3
       4
       5
       8
       4
       5
       6
       7
       1
       6
       7
       6
       3
       6
       2
       5
       0
       5
       3
       2
       2
       3
       2
       3
       2
       4
       5
       2
       2
       6
       6
       5
       3
       4
       4
       3
       2
       4
       1
       0
       6
       3
       5
       3
       3
       8
       6
       6
       6
       4
       4
       2
       4
       9
       8
       3
       1
       3
       3
       3
       5
       2
       9
       5
       9
       4
       3
       2
       0
       6
       2
       2
       2
       4
       3
       2
       5
       1
       2
       9
       5
       6
       2
       4
       3
       3
       2
       1
       4
       3
       2
       5
       2
       3
       7
       9
       3
       2
       2
       5
       8
       2
       3
       4
       0
       3
       2
       7
      10
      32
      65
      93
     121
     105
      94
      69
      33
      18
       4
       6
       6
      10
      18
      19
      28
      26
      16
      14
       3
       8
       3
       5
       3
       5
       3
       5
       4
       2
       2
       1
       2
       3
       2
       6
       5
       3
       8
       3
       2
       5
       5
       2
       2
       1
       5
       5
       3
       6
       5
       6
       4
       9
       0
       4
       6
       6
       2
       6
       2
       4
       5
       5
       3
       5
       3
       5
       4
       7
       4
       7
       7
       6
       5
       8
      16
      42
      71
     110
     140
     174
     147
      82
      54
      21
       5
       5
       5
       1
       4
       1
       5
       5
       3
       7
       4
       5
       4
       8
       6
       3
       6
       3
       8
       6
       6
       3
       0
       4
       8
       7
       7
       5
       4
       7
       5
       5
       7
       5
       1
       6
       3
       1
       3
       1
       3
       3
       8
       2
       5
       7
       4
       3
       2
       1
       6
       3
       3
       2
       0
       2
       3
       4
       5
       4
       6
       1
       2
       4
       3
       4
       5
       5
       1
       4
       3
       7
       7
       5
       3
       2
       4
       6
       4
       3
       4
       4
       3
       3
       8
       6
       3
       1
       3
       3
       4
       5
       7
       8
       6
       6
       3
       6
       0
       3
       3
       4
       8
       5
       2
       7
       4
       2
       8
       3
       4
       5
       2
       5
       7
       6
       2
       5
       5
       6
       6
       4
       5
       4
       3
       2
       7
       5
       3
       6
       6
       2
       6
       3
       0
       3
       4
       2
       2
       5
       3
       5
       3
       2
       4
       6
       8
       4
       2
       3
       9
       7
       5
       4
       4
       1
       3
       4
       3
       2
       3
       8
       5
       4
       8
       6
       4
       9
       1
       5
       6
       5
       3
       0
       2
       5
      12
       8
       2
       5
       4
       4
       3
       5
       4
       6
       4
       5
       5
       0
       3
       5
       7
       4
       3
       4
       1
       9
       5
       1
       4
       4
       1
       3
       7
       5
       6
       6
       7
       3
       4
       6
       6
       2
       4
       4
       6
       4
       8
       7
       4
       2
       6
       3
       5
       3
       3
       3
       3
       3
       4
       1
       4
       4
       6
       5
       2
       3
       3
       3
       3
       3
       3
       4
       1
       2
       7
       3
       4
       1
       6
       1
       5
       0
       4
       4
       6
       4
       1
       3
       2
       3
       2
       1
       1
       3
       4
       3
       1
       2
       2
       4
       4
       4
       0
       5
       2
       2
       2
       6
       2
       6
       3
       4
      18
      12
      15
      21
      15
      14
       6
       3
       3
       3
       3
       3
       4
       3
       6
       1
       1
       5
       1
       2
       2
       1
       4
       2
       0
       4
       4
       3
       2
       3
       2
       2
       0
       0
       1
       1
       1
       3
       1
       1
       1
       6
       2
       3
       3
       1
       3
       2
       0
       0
       2
       2
       3
       3
       2
       1
       0
       1
       3
       0
       2
       3
       6
       1
       5
       3
       2
       4
       2
       1
       2
       3
       2
       2
       3
       5
       2
       3
       0
       2
       3
       4
       3
       3
       3
       1
       4
       3
       1
       0
       1
       5
       3
       1
       3
       1
       2
       2
       6
       1
       4
       0
       4
       0
       1
       0
       3
       5
       1
       3
       3
       2
       4
       0
       1
       5
       3
       2
       0
       2
       2
       0
       3
       2
       2
       2
       1
       2
       4
       2
       0
       1
       3
       4
       5
       1
       1
       0
       1
       1
       0
       1
       2
       3
       1
       2
       2
       3
       5
       3
       3
       0
       0
       0
       2
       1
       2
       1
       6
       0
       1
       2
       1
       4
       0
       1
       3
       2
       3
       0
       3
       0
       3
       4
       1
       2
       1
       0
       3
       2
       1
       3
       7
       0
       3
       4
       1
       0
       0
       0
       1
       0
       1
       1
       5
       4
       4
       0
       1
       1
       1
       0
       1
       6
       2
       1
       3
       0
       0
       1
       3
       1
       2
       0
       2
       0
       1
       2
       2
       0
       4
       1
       0
       3
       2
       1
       1
       1
       2
       1
       2
       2
       2
       0
       0
       3
       2
       2
       2
       0
       4
       1
       1
       3
       1
       0
       2
       5
       1
       4
      14
      18
       9
      17
      10
       8
       2
       3
       2
       1
       1
       2
       0
       2
       2
       0
       1
       1
       0
       1
       3
       2
       0
       1
       0
       0
       1
       0
       3
       0
       1
       1
       0
       0
       1
       0
       0
       2
       0
       0
       1
       0
       0
       0
       0
       1
       0
       0
       1
       1
       1
       2
       0
       0
       1
       1
       1
       4
       1
       2
       2
       0
       2
       0
       0
       1
       0
       1
       0
       1
       1
       2
       0
       1
       0
       1
       2
       1
       0
       0
       0
       1
       1
       2
       0
       0
       0
       2
       0
       0
       0
       1
       1
       1
       2
       0
       0
       0
       0
       0
       2
       1
       0
       1
       0
       2
       0
       1
       0
       2
       0
       1
       0
       1
       0
       2
       1
       1
       1
       0
       1
       1
       0
       2
       2
       0
       3
       1
       3
       0
       0
       0
       0
       0
       0
       1
       1
       1
       0
       0
       0
       0
       1
       2
       0
       0
       1
       2
       2
       1
       0
       1
       0
       0
       1
       0
       1
       0
       0
       0
       0
       0
       2
       0
       0
       0
       1
       1
       2
       1
       0
       1
       0
       0
       3
       1
       1
       1
       0
       0
       0
       2
       0
       1
       1
       0
       0
       0
       0
       1
       1
       0
       1
       0
       0
       2
       0
       0
       1
       1
       0
       1
       2
       0
       2
       0
       0
       0
       0
       0
       1
       0
       0
       0
       0
       0
       0
       1
       0
       1
       0
       0
       0
       2
       1
       0
       1
       0
       2
       0
       0
       1
       0
       0
       0
       0
       0
       1
       0
       1
       0
       0
       1
       0
       0
       2
       0
       0
       2
       0
       1
       0
       1
       2
       1
       1
       0
       1
       0
       1
       0
       0
       0
       1
       0
       0
       1
       1
       0
       1
       2
       0
       0
       1
       1
       1
       0
       1
       1
       0
       0
       0
       1
       2
       0
       1
       1
       1
       1
       1
       0
       0
       0
       0
       0
       0
       1
       1
       0
       1
       1
       0
       1
       0
       0
       1
       0
       0
       0
       2
       0
       1
       6
      17
      33
      70
     119
     148
     181
     144
     117
      64
      26
      12
       5
       0
       0
       1
       0
       0
       1
       2
       0
       0
       1
       0
       0
       0
       0
       0
       0
       0
       0
       0
       0
       0
       0
       0
       0
       0
       1
       0
       1
       1
       0
       0
       1
       0
       1
       0
       0
       0
       0
       0
       0
       1
       0
       0
       1
       1
       1
       0
       0
       0
       1
       0
       1
       0
       0
       0
       0
       0
       0
       1
       0
       0
       0
       2
       0
       0
       0
       0
       0
       1
       0
       0
       0
       1
       0
       0
       0
       0
       0
       0
       0
       1
       1
       0
       0
       0
       0
       0
       1
       0
       0
       0
       0
       1
       0
       0
       0
       0
       0
       1
       0
       0
       0
       0
       1
       1
       0
       0
       0
       0
       2
       0
       0
       1
       0
       0
       0
       0
       1
       0
       3
       0
       1
       0
       0
       1
       0
       0
       0
       0
       0
       0
       1
       2
       1
       2
       5
       2
       7
       4
       0
       1
       2
       3
       5
       2
       7
       9
       5
       4
       2
       1
       0
       0
       0
       0
       0
       0
       0
       0
       0
       0
       0
       0
       0
       0
       1
       0
       1
       0
       1
       0
       0
       0
       0
       0
       0
       0
       0
       0
       0
       0
       1
       0
       1
       1
       0
       1
       0
       0
       0
       0
       0
       1
       0
       0
       0
       0
       0
       0
       0
       0
       0
       2
       0
       0
       0
       0
       0
       0
       0
       0
       0
       0
       0
       0
       0
       0
       1
       0
       0
       0
       2
       0
       0
       1
       0
       1
       0
       0
       0
       0
       0
       1
       0
       0
       0
       0
       0
       0
       0
       1
       1
       0
       0
       1
       0
       0
       0
       0
       0
       0
       0
       0
       0
       0
       0
       0
       1
       0
       0
       0
       0
       0
       1
       0
       0
       0
       0
       0
       1
       0
       0
       0
       0
       0
       0
       0
       0
       0
       0
       0
       0
       0
       1
       1
       1
       1
       0
       0
       1
       0
       0
       0
       0
       0
       0
       0
       1
       0
       0
       0
       0
       0
       0
       0
       0
       0
       0
       0
       0
       0
       0
       0
       0
       0
       0
       0
       0
       1
       0
       0
       0
       0
       1
       0
       0
       1
       0
       0
       1
       0
       0
       0
       0
       0
       1
       0
       0
       4
       1
       1
       2
       2
       1
       2
       1
       1
       0
       0
       1
       0
       2
       0
       0
       0
       0
       1
       0
       0
       0
       0
       1
       0
       1
       0
       1
       0
       0
       0
       1
       0
       0
       0
       0
       0
       0
       0
       0
       0
       1
       0
       0
       0
       0
       0
       0
       0
       1
       0
       0
       0
       0
       0
       0
       0
       0
       0
       0
       2
       0
       1
       0
       0
       0
       0
       0
       1
       0
       0
       0
       0
       0
       0
       0
       0
       0
       0
       0
       0
       0
       0
       0
       1
       0
       0
       0
       0
       0
       0
       0
       0
       0
       0
       1
       0
       0
       0
       0
       0
       0
       0
       0
       0
       0
       0
       1
       0
       1
       0
       0
       0
       1
       1
       0
       0
       0
       0
       1
       0
       0
       0
       1
       0
       0
       0
       0
       1
       0
       0
       0
       0
       0
       0
       0
       0
       1
       0
       1
       0
       1
       0
       0
       0
       0
       0
       0
       0
       0
       0
       0
       0
       1
       0
       0
       0
       0
       0
       0
       0
       0
       0
       0
       0
       0
       1
       0
       0
       0
       0
       0
       0
       0
       0
       0
       0
       0
       0
       0
       0
       0
       0
       0
       0
       0
       0
       1
       0
       1
       1
       1
       1
       0
       0
       0
       0
       0
       0
       2
       0
       0
       1
       1
       1
       0
       0
       0
       0
       1
       1
       0
       0
       0
       0
       1
       0
       0
       0
       0
       0
       0
       0
       1
       0
       1
       0
       1
       0
       0
       0
       0
       0
       0
       0
       0
       1
       0
       0
       0
       0
       1
       0
       0
       0
       1
       0
       0
       0
       0
       0
       1
       0
       0
       0
       0
       0
       0
       0
       0
       0
       0
       0
       0
       0
       0
       0
       0
       0
       0
       0
       0
       0
       0
       0
       0
       0
       0
       0
       0
       0
       1
       0
       0
       0
       0
       1
       0
       0
       0
       1
       0
       0
       0
       0
       0
       0
       0
       0
       0
       1
       0
       0
       0
       0
       0
       0
       1
       0
       0
       0
       0
       0
       0
       0
       0
       0
       0
       1
       0
       0
       0
       1
       0
       0
       0
       0
       0
       0
       0
       1
       0
       0
       0
       0
       0
       0
       0
       0
       0
       0
       0
       0
       1
       0
       0
       0
       0
       0
       0
       3
       0
       0
       0
       0
       0
       0
       0
       0
       0
       1
       0
       0
       0
       1
       0
       0
       0
       0
       0
       0
       0
       0
       0
       1
       0
       0
       1
       0
       0
       0
       0
       0
       0
       0
       0
       0
       0
       0
       1
       0
       0
       0
       1
       0
       0
       0
       0
       0
       1
       0
       0
       0
       0
       0
       0
       0
       0
       1
       0
       0
       0
       0
       0
       1
       0
       0
       0
       0
       0
       0
       0
       0
       1
       0
       0
       0
       0
       0
       0
       0
       0
       0
       0
       0
       0
       0
       0
       0
       0
       1
       0
       0
       0
       0
       0
       0
       0
       0
       0
       0
       1
       0
       0
       0
       0
       0
       0
       0
       0
       0
       0
       0
       0
       0
       0
       0
       0
       0
       0
       2
       0
       0
       1
       0
       0
       0
       0
       0
       0
       0
       0
       0
       0
       0
       0
       0
       0
       0
       0
       0
       0
       0
       0
       0
       0
       0
       0
       0
       0
       0
       0
       0
       0
       0
       0
       0
       0
       0
       0
       0
       0
       0
       0
       1
       0
       0
       0
       0
       0
       0
       0
       0
       0
       1
       0
       0
       0
       0
       0
       0
       0
       0
       0
       0
       0
       0
       0
       0
       0
       0
       0
       0
       0
       0
       0
       0
       0
       1
       0
       0
       0
       1
       0
       0
       0
       0
       0
       0
       0
       0
       0
       0
       0
       0
       1
       0
       0
       0
       0
       0
       1
       0
       0
       0
       0
       0
       0
       0
       0
       0
       0
       0
       0
       0
       0
       0
       0
       1
       1
       0
       0
       0
       0
       0
       0
       0
       0
       0
       1
       1
       0
       1
       1
       0
       0
       0
       0
       0
       0
       0
       0
       0
       0
       0
       0
       0
       1
       0
       0
       0
       0
       0
       0
       0
       0
       0
       0
       0
       0
       1
       0
       0
       0
       0
       0
       0
       0
       0
       1
       0
       0
       0
       0
       0
       1
       0
       0
       0
       0
       0
       0
       0
       0
       0
       0
       0
       0
       0
       0
       0
       0
       0
       0
       0
       0
       0
       1
       0
       0
       1
       0
       0
       0
       0
       0
       0
       0
       0
       2
       0
       0
       1
       1
       0
       4
       0
       0
       2
       0
       1
       0
       0
       0
       1
       0
       0
       0
       0
       0
       0
       0
       0
       0
       0
       0
       0
       0
       0
       0
       0
       0
       0
       0
       0
       1
       0
       0
       0
       0
       0
       0
       0
       0
       0
       0
       1
       0
       0
       1
       0
       0
       0
       0
       0
       0
       0
       0
       0
       0
       0
       0
       0
       0
       0
       0
       0
       0
       1
       1
       0
       0
       0
       0
       0
       0
       0
       0
       0
       0
       0
       0
       1
       0
       0
       0
       1
       0
       0
       0
       0
       0
       0
       0
       0
       0
       0
       0
       0
       0
       0
       0
       0
       0
       0
       0
       0
       0
       1
       0
       0
       0
       0
       0
       0
       1
       0
       0
       0
       2
       0
       1
       0
       0
       0
       0
       0
       0
       0
       0
       0
       0
       0
       0
       0
       0
       0
       0
       0
       1
       0
       0
       0
       0
       1
       0
       0
       0
       0
       0
       0
       1
       0
       0
       0
       0
       1
       0
       0
       0
       0
       0
       0
       0
       0
       0
       0
       0
       0
       0
       0
       0
       0
       0
       0
       0
       0
       0
       0
       0
       0
       1
       0
       0
       0
       0
       1
       0
       0
       0
       0
       0
       0
       0
       1
       0
       0
       0
       0
       0
       0
       0
       1
       0
       0
       0
       0
       0
       0
       0
       1
       0
       0
       0
       0
       0
       0
       1
       0
       0
       0
       0
       1
       0
       0
       0
       0
       0
       0
       0
       0
       0
       0
       0
       0
       0
       0
       1
       0
       0
       0
       0
       0
       0
       0
       0
       1
       0
       0
       0
       0
       0
       0
       0
       0
       1
       0
       1
       0
       0
       0
       1
       1
       0
       0
       1
       0
       0
       0
       1
       1
       0
       1
       0
       0
       0
       0
       0
       0
       0
       0
       0
       0
       0
       0
       0
       0
       0
       0
       0
       0
       0
       0
       0
       0
       0
       0
       0
       0
       0
       0
       0
       0
       0
       0
       0
       0
       0
       0
       0
       0
       0
       0
       0
       1
       0
       0
       0
       1
       0
       0
       0
       0
       0
       0
       0
       0
       0
       0
       0
       0
       0
       0
       0
       0
       0
       0
       0
       0
       0
       1
       0
       0
       0
       0
       0
       0
       0
       0
       0
       0
       0
       0
       0
       0
       1
       1
       0
       0
       0
       0
       0
       0
       0
       0
       0
       1
       0
       0
       0
       0
       0
       0
       0
       0
       0
       0
       0
       0
       1
       1
       0
       0
       0
       0
       0
       0
       0
       0
       0
       0
       0
       0
       0
       0
       1
       0
       0
       0
       0
       0
       0
       0
       0
       0
       0
       0
       0
       0
       0
       0
       1
       0
       0
       0
       0
       0
       0
       0
       0
       0
       0
       1
       0
       0
       0
       1
       0
       0
       0
       0
       0
       0
       0
       0
       0
       2
       0
       0
       0
       0
       0
       0
       0
       0
       0
       1
       0
       0
       0
       0
       0
       0
       0
       0
       0
       0
       0
       1
       0
       1
       0
       0
       0
       0
       0
       0
       1
       0
       0
       0
       0
       0
       0
       0
       0
       0
       0
       0
       1
       0
       0
       0
       0
       1
       0
       0
       0
       0
       0
       0
       0
       1
       0
       0
       0
       0
       0
       0
       0
       0
       0
       1
       0
       0
       0
       0
       0
       0
       0
       0
       0
       2
       0
       1
       0
       0
       0
       0
       0
       1
       0
       0
       0
       0
       0
       0
       0
       0
       0
       0
       0
       0
       0
       0
       0
       0
       0
       0
       0
       0
       0
       0
       0
       1
       0
       1
       0
       0
       0
       0
       0
       0
       0
       0
       0
       0
       1
       0
       0
       0
       1
       0
       0
       0
       0
       0
       0
       1
       0
       0
       0
       0
       0
       0
       0
       0
       0
       0
       0
       0
       1
       0
       0
       0
       0
       0
       0
       0
       0
       0
       0
       0
       0
       0
       1
       0
       1
       0
       0
       0
       0
       0
       0
       0
       0
       0
       0
       0
       0
       0
       0
       0
       0
       0
       0
       0
       0
       0
       0
       0
       1
       0
       0
       0
       0
       1
       0
       0
       1
       0
       0
       0
       0
       1
       0
       0
       0
       0
       0
       0
       0
       0
       0
       1
       0
       0
       0
       1
       1
       0
       0
       0
       0
       0
       0
       0
       0
       0
       0
       0
       0
       0
       0
       0
       0
       0
       0
       0
       0
       0
       0
       0
       0
       0
       0
       0
       0
       1
       0
       0
       0
       0
       0
       0
       0
       1
       1
       0
       0
       0
       0
       0
       0
       0
       0
       0
       0
       0
       0
       0
       0
       1
       0
       0
       0
       0
       0
       0
       0
       0
       0
       0
       0
       0
       0
       0
       0
       0
       0
       0
       0
       0
       0
       0
       0
       0
       0
       0
       0
       0
       0
       0
       0
       1
       0
       0
       0
       0
       0
       0
       1
       1
       0
       0
       0
       0
       0
       1
       0
       0
       0
       0
       0
       0
       0
       0
       0
       0
       0
       1
       0
       0
       0
       0
       1
       0
       0
       0
       0
       0
       0
       0
       0
       0
       0
       0
       0
       0
       3
       0
       0
       0
       0
       0
       1
       0
       0
       0
       0
       0
       0
       0
       0
       0
       0
       0
       0
       0
       0
       0
       0
       0
       0
       0
       0
       0
       0
       0
       0
       0
       0
       0
       0
       0
       0
       0
       0
       0
       0
       0
       1
       0
       0
       0
       0
       0
       0
       0
       1
       1
       0
       0
       0
       0
       1
       1
       0
       0
       0
       0
       0
       0
       0
       0
       0
       0
       0
       0
       0
       0
       0
       0
       0
       0
       0
       0
       0
       0
       0
       0
       0
       0
       0
       0
       0
       0
       0
       0
       0
       0
       0
       0
       0
       0
       0
       0
       0
       0
       0
       0
       0
       0
       1
       0
       0
       0
       0
       0
       0
       0
       0
       0
       1
       0
       0
       0
       0
       0
       0
       0
       0
       0
       0
       0
       0
       0
       0
       1
       1
       0
       0
       0
       0
       0
       0
       0
       0
       0
       0
       0
       0
       0
       0
       0
       0
       0
       0
       0
       0
       1
       0
       0
       0
       0
       0
       0
       0
       1
       0
       0
       0
       0
       0
       0
       0
       0
       0
       0
       0
       0
       0
       0
       0
       0
       0
       0
       1
       0
       0
       0
       0
       0
       0
       2
       0
       0
       0
       0
       0
       0
       1
       0
       0
       0
       0
       0
       0
       0
       0
       0
       0
       2
       0
       0
       0
       1
       0
       0
       1
       2
       0
       0
       1
       0
       0
       0
       0
       0
       1
       0
       0
       0
       0
       0
       0
       1
       0
       0
       0
       0
       0
       0
       1
       0
       0
       0
       0
       0
       0
       0
       0
       0
       0
       0
       0
       0
       0
       0
       0
       2
       0
       0
       0
       1
       0
       1
       0
       1
       0
       0
       0
       0
       0
       0
       0
       0
       0
       0
       0
       0
       1
       0
       0
       0
       0
       0
       0
       0
       0
       0
       0
       0
       0
       1
       0
       0
       0
       0
       0
       0
       0
       0
       0
       0
       0
       0
       0
       0
       0
       0
       1
       1
       0
       0
       0
       1
       0
       0
       0
       0
       1
       0
       0
       0
       0
       0
       0
       0
       0
       0
       0
       0
       0
       0
       0
       0
       0
       0
       0
       0
       0
       0
       1
       0
       0
       0
       0
       0
       0
       0
       0
       0
       0
       0
       0
       1
       0
       0
       0
       0
       0
       0
       0
       1
       0
       0
       0
       0
       0
       0
       0
       0
       0
       0
       1
       0
       0
       0
       0
       0
       0
       0
       0
       0
       0
       0
       0
       0
       0
       0
       0
       0
       0
       0
       0
       0
       0
       0
       0
       0
       0
       0
       0
       0
       0
       0
       0
       1
       0
       0
       0
       0
       0
       0
       0
       0
       0
       0
       0
       0
       0
       0
       0
       0
       0
       0
       0
       0
       0
       0
       0
       0
       0
       0
       0
       1
       0
       0
       1
       1
       1
       0
       0
       0
       0
       0
       1
       0
       0
       0
       0
       0
       0
       0
       0
       1
       0
       0
       0
       1
       0
       0
       0
       0
       0
       0
       0
       0
       0
       0
       0
       1
       0
       0
       0
       0
       0
       0
       0
       0
       0
       0
       1
       0
       0
       0
       0
       0
       0
       0
       1
       0
       0
       0
       0
       0
       0
       0
       1
       0
       0
       0
       0
       0
       0
       0
       1
       0
       1
       0
       1
       0
       1
       1
       0
       0
       0
       0
       0
       0
       0
       0
       1
       0
       0
       0
       1
       0
       0
       0
       0
       0
       0
       0
       0
       0
       0
       0
       0
       0
       0
       0
       1
       0
       0
       1
       0
       0
       1
       0
       1
       0
       0
       0
       0
       0
       0
       0
       0
       0
       0
       1
       0
       0
       0
       0
       0
       0
       0
       0
       0
       0
       0
       0
       0
       0
       0
       1
       0
       0
       0
       0
       0
       0
       0
       0
       0
       0
       0
       0
       0
       0
       0
       0
       0
       0
       0
       0
       0
       0
       0
       0
       0
       0
       0
       0
       0
       0
       1
       0
       0
       0
       0
       0
       0
       0
       0
       0
       0
       0
       0
       0
       0
       0
       0
       0
       0
       0
       0
       0
       0
       0
       0
       1
       0
       0
       0
       0
       0
       0
       0
       0
       0
       0
       0
       0
       0
       0
       0
       0
       0
       0
       0
       0
       0
       0
       0
       0
       0
       0
       0
       0
       0
       0
       0
       0
       0
       0
       0
       1
       0
       0
       0
       0
       0
       0
       0
       0
       0
       0
       0
       0
       0
       0
       0
       0
       0
       0
       0
       0
       0
       0
       0
       0
       0
       0
       0
       0
       0
       0
       0
       0
       0
       0
       1
       1
       0
       0
       0
       0
       0
       0
       0
       1
       0
       0
       0
       0
       1
       0
       0
       0
       0
       0
       0
       1
       0
       0
       0
       0
       0
       0
       0
       0
       0
       0
       0
       0
       0
       0
       0
       0
       0
       0
       0
       0
       0
       0
       0
       0
       0
       0
       1
       0
       0
       0
       0
       0
       0
       0
       1
       0
       0
       0
       0
       0
       0
       0
       0
       0
       1
       0
       0
       0
       0
       1
       0
       0
       0
       0
       0
       0
       0
       0
       0
       0
       0
       1
       0
       0
       0
       0
       0
       0
       0
       0
       0
       0
       0
       0
       0
       0
       0
       0
       0
       0
       0
       0
       0
       0
       0
       1
       0
       0
       0
       0
       0
       0
       0
       1
       0
       0
       0
       1
       0
       0
       1
       0
       0
       0
       0
       0
       0
       0
       0
       0
       1
       0
       0
       0
       0
       0
       0
       0
       0
       0
       0
       0
       0
       0
       0
       0
       0
       0
       0
       0
       0
       0
       0
       0
       1
       0
       0
       0
       0
       0
       0
       0
       0
       0
       0
       0
       0
       0
       0
       0
       0
       0
       0
       0
       0
       0
       0
       0
       0
       0
       0
       0
       0
       0
       0
       0
       0
       0
       0
       0
       0
       0
       0
       0
       0
       0
       0
       0
       0
       0
       0
       0
       0
       0
       0
       0
       0
       0
       0
       0
       0
       0
       0
       0
       0
       0
       0
       0
       0
       0
       0
       0
       0
       1
       0
       0
       0
       0
       0
       0
       0
       0
       0
       0
       0
       0
       0
       0
       0
       0
       0
       0
       0
       1
       0
       0
       0
       0
       0
       0
       0
       0
       0
       0
       0
       0
       0
       0
       0
       0
       1
       0
       0
       0
       0
       0
       0
       0
       0
       0
       0
       0
       0
       0
       0
       0
       0
       0
       0
       0
       0
       0
       0
       0
       0
       0
       0
       0
       0
       0
       1
       0
       0
       0
       0
       0
       0
       0
       0
       0
       0
       0
       0
       0
       1
       0
       1
       0
       0
       0
       0
       0
       0
       0
       0
       0
       1
       0
       0
       0
       0
       0
       0
       0
       0
       1
       0
       0
       0
       0
       0
       0
       0
       0
       0
       0
       0
       0
       0
       0
       0
       0
       0
       0
       0
       0
       0
       0
       0
       1
       0
       0
       0
       0
       0
       0
       0
       0
       0
       0
       0
       0
       0
       0
       0
       0
       0
       0
       0
       0
       1
       0
       0
       0
       0
       0
       0
       0
       0
       0
       0
       0
       0
       0
       0
       0
       0
       1
       0
       0
       0
       0
       0
       0
       0
       0
       0
       0
       0
       0
       0
       0
       0
       0
       0
       0
       0
       0
       0
       0
       0
       0
       0
       0
       0
       0
       0
       0
       0
       0
       0
       0
       0
       0
       0
       0
       0
       0
       0
       0
       0
       0
       0
       0
       0
       0
       0
       0
       0
       0
       0
       0
       0
       0
       0
       0
       0
       0
       0
       0
       0
       0
       1
       0
       0
       0
       0
       0
       0
       0
       0
       1
       0
       1
       0
       0
       0
       0
       0
       0
       0
       0
       0
       0
       0
       0
       0
       0
       0
       0
       1
       0
       0
       0
       0
       0
       0
       0
       0
       0
       0
       1
       0
       0
       0
       0
       0
       0
       0
       0
       0
       0
       0
       0
       0
       0
       0
       0
       0
       0
       0
       0
       1
       0
       0
       0
       0
       0
       0
       0
       0
       0
       0
       0
       0
       0
       0
       1
       0
       0
       1
       0
       0
       0
       0
       0
       0
       0
       0
       0
       0
       0
       0
       0
       0
       0
       0
       0
       0
       0
       0
       0
       0
       0
       0
       0
       2
       0
       0
       0
       0
       0
       0
       0
       0
       0
       0
       0
       0
       0
       0
       0
       0
       0
       0
       0
       0
       0
       0
       0
       0
       0
       0
       0
       0
       0
       0
       0
       0
       0
       0
       0
       1
       0
       1
       0
       0
       0
       0
       0
       0
       0
       0
       0
       0
       0
       0
       0
       0
       0
       0
       0
       0
       0
       0
       0
       0
       0
       0
       0
       0
       0
       0
       0
       0
       0
       0
       0
       0
       0
       0
       0
       0
       0
       0
       0
       0
       0
       0
       0
       0
       0
       0
       0
       0
       0
       0
       0
       0
       0
       0
       1
       0
       0
       0
       0
       0
       0
       0
       0
       0
       0
       0
       0
       0
       0
       0
       0
       0
       0
       0
       0
       0
       0
       0
       0
       0
       0
       0
       0
       0
       0
       0
       0
       0
       0
       0
       0
       0
       0
       0
       0
       0
       0
       0
       0
       1
       0
       0
       0
       0
       0
       0
       0
       0
       0
       0
       0
       0
       0
       0
       0
       0
       0
       0
       0
       0
       1
       0
       0
       0
       0
       0
       0
       0
       0
       0
       0
       0
       0
       0
       0
       0
       0
       0
       0
       0
       0
       0
       0
       0
       0
       0
       0
       0
       0
       0
       0
       0
       0
       0
       0
       0
       0
       0
       1
       0
       0
       0
       0
       0
       0
       0
       0
       0
       0
       0
       0
       0
       0
       0
       0
       0
       0
       0
       0
       0
       0
       0
       0
       0
       0
       0
       0
       0
       0
       0
       0
       0
       0
       0
       0
       0
       0
       0
       0
       0
       0
       0
       0
       0
       0
       0
       0
       0
       0
       0
       0
       0
       0
       0
       0
       0
       0
       0
       0
       0
       0
       0
       0
       0
       0
       0
       0
       0
       0
       0
       0
       0
       0
       0
       0
       0
       0
       0
       0
       0
       0
       0
       0
       1
       0
       0
       0
       0
       0
       0
       0
       1
       0
       0
       0
       0
       0
       0
       0
       0
       0
       0
       0
       0
       0
       0
       0
       0
       0
       0
       0
       0
       0
       0
       0
       0
       0
       0
       0
       0
       0
       0
       0
       0
       0
       0
       0
       0
       0
       0
       0
       0
       0
       0
       1
       0
       0
       0
       0
       0
       0
       0
       1
       0
       0
       0
       0
       0
       0
       0
       0
       0
       0
       0
       0
       0
       0
       0
       0
       0
       0
       0
       0
       0
       0
       0
       0
       0
       0
       0
       0
       0
       0
       0
       0
       0
       0
       0
       0
       0
       0
       0
       0
       0
       0
       0
       0
       0
       0
       0
       0
       0
       0
       0
       0
       0
       0
       0
       0
       0
       0
       0
       0
       0
       0
       0
       0
       0
       0
       0
       0
       0
       0
       0
       0
       0
       0
       0
       0
       1
       0
       0
       0
       0
       0
       0
       0
       0
       0
       1
       0
       0
       0
       2
       1
       1
       3
       1
       2
       1
       0
       0
       0
       0
       0
       0
       0
       0
       0
       0
       0
       0
       0
       0
       0
       0
       0
       0
       0
       0
       0
       0
       0
       0
       0
       0
       0
       0
       0
       0
       0
       0
       0
       0
       0
       0
       0
       0
       0
       0
       0
       0
       0
       0
       0
       0
       0
       0
       0
       0
       0
       0
       0
       0
       0
       0
       0
       0
       0
       0
       0
       0
       0
       0
       0
       0
       0
       0
       0
       0
       0
       0
       0
       0
       0
       0
       0
       0
       0
       0
       0
       0
       0
       0
       0
       0
       0
       0
       0
       0
       0
       0
       0
       0
       0
       0
       0
       0
       0
       0
       0
       0
       0
       0
       0
       0
       0
       0
       0
       0
       0
       0
       0
       0
       0
       0
       0
       1
       0
       0
       0
       0
       0
       0
       0
       0
       0
       0
       0
       0
       0
       0
       0
       0
       0
       0
       0
       0
       0
       0
       0
       0
       0
       0
       1
       0
       0
       0
       0
       0
       0
       0
       1
       0
       0
       0
       0
       0
       0
       0
       0
       0
       0
       0
       0
       0
       0
       0
       0
       0
       0
       0
       0
       0
       0
       0
       0
       0
       0
       0
       0
       0
       0
       0
       0
       0
       0
       0
       0
       0
       0
       0
       0
       0
       1
       0
       0
       0
       0
       0
       0
       0
       0
       0
       0
       0
       0
       0
       0
       0
       0
       0
       0
       0
       0
       0
       0
       0
       0
       0
       0
       0
       0
       0
       0
       0
       0
       0
       0
       0
       0
       0
       0
       0
       0
       0
       1
       0
       0
       0
       0
       0
       0
       0
       0
       0
       0
       0
       0
       0
       0
       0
       0
       0
       0
       0
       0
       0
       0
       0
       0
       0
       0
       0
       0
       0
       0
       0
       0
       0
       0
       1
       0
       0
       0
       0
       0
       0
       0
       0
       0
       0
       0
       0
       0
       0
       0
       0
       0
       0
       0
       0
       0
       0
       0
       0
       0
       0
       0
       0
       0
       0
       0
       0
       0
       0
       0
       0
       0
       0
       0
       0
       0
       0
       0
       0
       0
       0
       0
       0
       0
       0
       0
       0
       0
       0
       0
       0
       0
       0
       0
       0
       0
       0
       0
       0
       0
       0
       0
       0
       0
       0
       0
       0
       0
       0
       0
       0
       0
       0
       0
       0
       0
       0
       1
       0
       0
       0
       0
       0
       0
       0
       0
       0
       0
       0
       0
       0
       0
       0
       0
       0
       0
       0
       0
       0
       0
       0
       0
       0
       0
       0
       0
       0
       0
       0
       0
       0
       0
       0
       0
       0
       0
       0
       0
       0
       0
       0
       0
       0
       0
       0
       0
       1
       0
       0
       0
       0
       0
       0
       0
       0
       0
       1
       1
       0
       0
       0
       0
       0
       0
       0
       0
       0
       0
       0
       0
       1
       0
       2
       1
       0
       0
       0
       0
       0
       0
       0
       0
       0
       0
       1
       0
       0
       0
       0
       1
       0
       0
       0
       1
       0
       0
       0
       1
       0
       0
       0
       0
       0
       1
       0
       0
       1
       0
       0
       0
       1
       2
       0
       0
       0
       0
       1
       0
       0
       0
       0
       0
       2
       0
       0
       1
       0
       1
       0
       1
       0
       1
       0
       1
       0
       0
       0
       1
       0
       0
       0
       1
       0
       0
       1
       1
       0
       0
       1
       0
       0
       0
       0
       0
       0
       0
       0
       1
       0
       0
       0
       0
       0
       0
       1
       1
       0
       1
       1
       1
       0
       0
       0
       2
       0
       0
       0
       0
       0
       0
       0
       0
       1
       0
       0
       0
       1
       0
       0
       0
       0
       1
       0
       0
       0
       0
       0
       0
       0
       0
       0
       0
       0
       0
       0
       0
       0
       0
       0
       0
       0
       1
       0
       0
       2
       1
       0
       0
       0
       0
       0
       0
       0
       0
       1
       0
       0
       0
       0
       1
       0
       0
       0
       0
       0
       1
       0
       1
       0
       0
       0
       0
       0
       1
       0
       0
       0
       1
       0
       1
       0
       1
$ROI:
6
112 115
211 241
384 394
596 612
615 621
1181 1201
$PRESETS:
None
0
0
$ENER_FIT:
-3.068388 0.575002
$MCA_CAL:
3
-3.068388E+000 5.750019E-001 0.000000E+000 keV
$SHAPE_CAL:
3
1.505919E+000 9.254546E-004 0.000000E+000
