$SPEC_ID:
No sample description was entered.
$SPEC_REM:
DET# 1
DETDESC# MCB 338
AP# Maestro Version 6.06
$DATE_MEA:
06/17/2014 09:08:21
$MEAS_TIM:
84292 84315
$DATA:
0 8191
       0
       0
       0
       0
       0
       0
       0
       0
       0
       0
       0
       0
       0
       0
       0
       0
       0
       0
       0
       0
       0
       0
       0
       0
       0
       0
       0
       0
       0
       0
       0
       0
       0
       0
       0
       0
       0
       0
       0
       0
       0
       0
       0
       0
       0
       0
       0
       1
       9
      93
     269
     258
     269
     261
     262
     256
     243
     237
     236
     252
     254
     242
     220
     234
     235
     231
     255
     205
     230
     199
     248
     211
     216
     236
     225
     248
     205
     211
     187
     205
     199
     184
     201
     198
     164
     167
     202
     166
     182
     184
     212
     208
     167
     178
     209
     184
     169
     187
     170
     192
     158
     163
     168
     188
     174
     164
     201
     185
     170
     176
     179
     189
     147
     169
     183
     159
     175
     187
     152
     151
     164
     158
     166
     167
     141
     151
     157
     154
     165
     164
     162
     151
     147
     130
     170
     151
     146
     166
     177
     161
     163
     186
     166
     153
     137
     138
     176
     142
     151
     160
     153
     134
     155
     143
     151
     148
     153
     158
     120
     123
     153
     123
     161
     172
     164
     156
     141
     150
     136
     154
     138
     145
     167
     137
     136
     120
     150
     167
     159
     146
     142
     153
     142
     145
     148
     147
     135
     166
     166
     189
     176
     164
     141
     155
     137
     158
     132
     148
     147
     162
     154
     156
     180
     158
     148
     148
     162
     177
     172
     158
     165
     145
     146
     185
     168
     181
     232
     247
     223
     158
     176
     207
     316
     412
     299
     195
     168
     187
     207
     254
     236
     153
     149
     156
     133
     162
     164
     147
     160
     166
     171
     145
     155
     167
     148
     138
     146
     184
     152
     210
     247
     231
     226
     209
     184
     174
     174
     186
     222
     227
     188
     156
     173
     155
     194
     197
     203
     174
     167
     154
     148
     177
     207
     267
     326
     291
     212
     156
     160
     184
     186
     174
     147
     159
     180
     128
     155
     161
     175
     181
     175
     177
     166
     163
     176
     164
     164
     158
     154
     150
     164
     173
     141
     125
     160
     182
     151
     158
     163
     135
     168
     169
     182
     164
     166
     176
     178
     181
     181
     179
     197
     167
     185
     157
     188
     153
     178
     170
     168
     175
     159
     213
     176
     185
     186
     178
     151
     183
     169
     169
     179
     180
     166
     191
     156
     164
     183
     178
     190
     157
     217
     177
     177
     185
     190
     180
     173
     164
     166
     176
     200
     163
     190
     170
     168
     192
     175
     187
     188
     164
     193
     183
     162
     228
     174
     179
     171
     185
     170
     200
     165
     195
     190
     185
     192
     176
     169
     183
     198
     181
     172
     178
     187
     157
     191
     196
     177
     185
     198
     173
     176
     193
     164
     161
     193
     199
     174
     182
     192
     208
     176
     177
     182
     175
     162
     195
     188
     169
     175
     190
     200
     221
     194
     229
     181
     171
     161
     167
     196
     170
     182
     173
     185
     203
     171
     168
     173
     171
     193
     168
     167
     182
     186
     192
     188
     173
     174
     153
     182
     174
     188
     165
     185
     169
     158
     170
     173
     160
     172
     160
     197
     164
     186
     175
     175
     200
     170
     177
     178
     174
     149
     184
     173
     158
     167
     169
     168
     178
     179
     186
     179
     185
     167
     180
     153
     152
     181
     189
     167
     160
     168
     167
     182
     165
     134
     173
     172
     175
     163
     162
     167
     178
     144
     155
     168
     160
     173
     159
     162
     149
     174
     198
     159
     163
     171
     154
     166
     176
     152
     154
     158
     163
     155
     160
     173
     153
     158
     178
     165
     151
     144
     153
     153
     147
     174
     174
     163
     169
     170
     178
     160
     183
     208
     265
     283
     247
     187
     167
     169
     188
     140
     163
     156
     153
     162
     159
     145
     148
     163
     149
     157
     131
     150
     151
     155
     142
     145
     149
     152
     142
     156
     142
     145
     189
     139
     149
     158
     160
     152
     118
     146
     149
     171
     155
     145
     145
     177
     146
     161
     158
     155
     134
     157
     152
     149
     133
     145
     132
     159
     153
     145
     169
     144
     148
     138
     154
     124
     142
     139
     127
     129
     172
     153
     141
     110
     123
     134
     125
     149
     140
     141
     133
     150
     147
     162
     145
     137
     140
     139
     131
     147
     116
     151
     121
     135
     117
     142
     157
     140
     139
     148
     120
     139
     138
     116
     147
     131
     132
     130
     127
     124
     133
     126
     120
     132
     125
     129
     146
     125
     130
     135
     125
     128
     163
     141
     140
     130
     127
     118
     108
     130
     130
     138
     108
     136
     121
     120
     119
     126
     120
     130
     128
     141
     111
     126
     117
     114
     127
     137
     126
     127
     132
     115
     130
     121
     151
     201
     224
     189
     133
     114
     114
     113
     132
     143
     146
     143
     194
     148
     119
     114
     140
      96
     126
     110
     127
     124
     129
     138
     124
     109
     106
     128
     119
     112
     113
     107
     122
     114
     116
     128
     115
     112
     107
      98
      89
     117
      95
     109
      96
     100
     111
     102
      95
     125
     114
     100
     111
      99
      90
     105
     117
     109
     120
     105
      98
     106
     104
     112
      99
     107
      98
      94
     103
      93
     102
      96
     119
     110
     104
     105
     116
      99
      99
      79
     127
     116
     108
      98
     109
      96
      92
      90
      84
      97
      93
      90
      89
     108
     115
     100
     124
      88
      87
      89
      87
      95
      83
      98
     100
     100
      89
      90
     101
      86
      94
      91
      85
     108
     111
      88
      90
     100
     113
     109
      86
      93
      94
     113
      96
      94
     112
      93
      87
      91
     110
      95
     102
      80
      90
      91
      96
      86
      82
      71
      86
     106
     100
      88
      67
      99
      96
      77
      92
      92
      96
      77
      89
      98
      92
      93
      83
      93
      80
      99
      69
      85
      98
      98
     144
     198
     205
     168
     104
      89
      70
      84
      93
     104
      88
      83
      94
      86
      93
      87
      79
      95
      80
      85
      96
      80
     112
      82
      66
      68
      92
      98
      96
      81
      72
      91
      90
      93
      71
      76
      82
      91
      99
      64
      77
      81
      83
      83
     104
      69
      71
      81
      75
      92
      70
      80
      91
      79
      67
      70
      70
      70
      84
      78
      93
      72
      92
      86
      96
      85
      80
      81
      65
      84
      85
      81
      68
      75
      93
      77
      74
      85
      85
      87
      72
      81
      70
      76
      88
      57
      81
      76
      83
      81
      88
      81
      76
      65
      73
      80
      81
      90
      87
      73
      69
      84
      70
      79
      79
      77
      69
      68
      77
      82
      81
      97
      76
      78
      82
      63
      79
      65
      98
      80
      70
      62
      63
      86
      77
      88
      92
     103
      91
      76
      61
      77
      73
      81
      76
      72
      62
      72
      72
      62
      78
      74
      74
      58
      63
      72
      66
      71
      65
      78
      83
      59
      71
      73
      61
      75
      71
      68
      63
      71
      57
      65
      70
      83
     117
     216
     269
     225
     136
      85
      65
      59
      61
      67
      69
      85
      81
      70
      76
      63
      62
      73
      67
      56
      74
      61
      70
      53
      59
      81
      68
      66
      64
      62
      77
      50
      67
      69
      63
      68
      50
      97
      61
      60
      69
      64
      53
      78
      79
      60
      59
      76
      60
      73
      54
      60
      68
      53
      56
      66
      49
      65
      57
      67
      69
      45
      57
      67
      66
      69
      74
      62
      67
      56
      62
      62
      63
      71
      52
      70
      66
      66
      59
      64
      67
      52
      62
      72
      57
      57
      57
      65
      59
      87
      53
      51
      52
      56
      60
      51
      63
      70
      53
      63
      66
      51
      65
      67
      59
      59
      75
      59
      72
      79
      62
      61
      75
      63
      66
      66
      63
      72
      63
      56
      59
      61
      61
      63
      62
      55
      44
      75
      67
      51
      65
      52
      69
      62
      65
      59
      66
      66
      59
      48
      64
      49
      60
      70
      52
      61
      61
      52
      59
      65
      55
      52
      64
      57
      63
      60
      52
      65
      57
      66
      38
      67
      57
      54
      60
      50
      60
      49
      83
      62
      56
      49
      65
      60
      55
      68
      61
      54
      40
      54
      68
      56
      73
      60
      52
      72
      59
      42
      57
      53
      45
      56
      52
      49
      63
      54
      58
      66
      48
      57
      74
      51
      57
      42
      54
      45
      51
      52
      55
      57
      43
      53
      53
      63
      56
      48
      68
      56
      61
      68
      57
      49
      64
      72
      47
      52
      47
      48
      52
      54
      41
      40
      62
      55
      51
      54
      66
      68
      50
      48
      57
      55
      64
      55
      64
      68
      43
      52
      46
      53
      46
      49
      67
      65
      56
      62
      65
      51
      58
      55
      44
      49
      50
      53
      52
      60
      63
      50
      58
      57
      50
      51
      52
      50
      57
      53
      60
      51
      54
      56
      49
      50
      59
      44
      64
      52
      49
      41
      60
      49
      59
      67
      55
      55
      45
      57
      68
      52
      44
      51
      55
      64
      53
      57
      46
      57
      54
      43
      64
      45
      60
      54
      46
      62
      64
      56
      62
      63
      65
      43
      70
      62
      61
      64
      51
      51
      53
      52
      60
      51
      46
      51
      44
      42
      54
      59
      37
      37
      63
      35
      62
      58
      51
      46
      47
      51
      63
      61
      50
      57
      38
      39
      54
      56
      64
      40
      50
      47
      51
      42
      40
      43
      48
      45
      55
      59
      48
      49
      53
      55
      42
      49
      30
      35
      46
      45
      54
      48
      46
      39
      47
      47
      44
      51
      43
      47
      51
      38
      40
      48
      54
      46
      39
      37
      41
      53
      43
      52
      59
      45
      47
      42
      54
      48
      60
      43
      40
      49
      41
      55
      44
      44
      35
      44
      35
      39
      45
      43
      42
      47
      30
      47
      40
      46
      45
      38
      46
      53
      43
      40
      48
      32
      39
      44
      35
      41
      45
      33
      44
      52
      36
      48
      33
      51
      33
      35
      41
      46
      46
      48
      41
      38
      46
      43
      47
      42
      51
      60
      73
     100
     113
     142
     155
     151
     147
     140
     107
      92
      66
      66
      56
      46
      39
      49
      42
      31
      60
      52
      48
      31
      40
      41
      42
      30
      41
      35
      34
      34
      34
      33
      42
      34
      48
      33
      41
      47
      37
      39
      38
      47
      42
      44
      37
      41
      35
      42
      52
      45
      36
      37
      43
      41
      40
      32
      29
      28
      33
      39
      38
      40
      38
      54
      35
      35
      41
      32
      45
      52
      30
      32
      46
      43
      38
      32
      24
      31
      38
      32
      34
      37
      55
      44
      30
      44
      25
      32
      39
      35
      35
      43
      39
      37
      36
      24
      39
      34
      42
      31
      36
      30
      37
      35
      36
      34
      37
      27
      39
      40
      31
      47
      27
      49
      38
      45
      42
      34
      44
      40
      39
      38
      29
      39
      41
      37
      31
      37
      45
      33
      37
      33
      24
      29
      36
      34
      38
      35
      36
      41
      35
      36
      46
      34
      39
      44
      27
      39
      34
      34
      35
      45
      35
      30
      40
      33
      41
      33
      30
      40
      42
      38
      37
      27
      34
      37
      33
      34
      39
      35
      36
      33
      33
      39
      32
      43
      36
      37
      29
      43
      35
      47
      43
      33
      41
      33
      32
      32
      34
      37
      42
      35
      34
      36
      37
      32
      34
      33
      37
      33
      26
      38
      37
      31
      34
      29
      27
      42
      28
      44
      42
      39
      48
      54
      46
      65
      52
      42
      27
      28
      32
      35
      42
      34
      36
      23
      45
      38
      19
      32
      34
      41
      27
      34
      29
      31
      34
      33
      39
      32
      37
      39
      30
      45
      33
      41
      27
      35
      40
      37
      26
      33
      38
      37
      38
      32
      36
      43
      22
      50
      45
      33
      38
      42
      31
      38
      36
      37
      36
      23
      37
      39
      34
      40
      25
      42
      28
      37
      37
      39
      32
      24
      34
      31
      42
      34
      37
      74
     123
     158
     142
     123
      68
      56
      32
      26
      28
      21
      33
      29
      39
      35
      33
      33
      31
      37
      43
      35
      39
      32
      25
      37
      39
      28
      38
      26
      31
      30
      23
      20
      25
      36
      27
      36
      32
      40
      25
      37
      27
      32
      32
      34
      23
      23
      22
      30
      38
      43
      35
      28
      38
      36
      39
      31
      44
      34
      32
      35
      30
      35
      22
      32
      30
      27
      33
      35
      31
      33
      34
      31
      33
      30
      37
      29
      26
      24
      39
      30
      16
      33
      36
      25
      31
      31
      34
      36
      31
      36
      26
      31
      30
      29
      21
      33
      25
      24
      22
      39
      30
      27
      30
      31
      29
      35
      34
      30
      30
      30
      29
      33
      34
      29
      25
      27
      35
      29
      24
      33
      25
      42
      29
      33
      28
      34
      35
      29
      24
      22
      25
      28
      24
      28
      28
      29
      34
      32
      33
      23
      25
      36
      36
      34
      21
      30
      29
      20
      27
      43
     116
     246
     390
     502
     506
     331
     144
      62
      33
      35
      22
      26
      32
      23
      32
      31
      24
      27
      22
      25
      19
      18
      17
      33
      26
      28
      21
      33
      24
      36
      38
      21
      32
      22
      21
      32
      28
      28
      19
      14
      22
      25
      24
      24
      20
      28
      34
      33
      19
      31
      23
      24
      28
      40
      29
      28
      18
      17
      31
      22
      26
      17
      26
      26
      25
      27
      27
      25
      22
      25
      31
      25
      24
      32
      21
      36
      29
      21
      24
      18
      32
      19
      25
      34
      21
      23
      22
      25
      35
      21
      34
      26
      24
      32
      25
      35
      23
      28
      31
      24
      27
      28
      31
      37
      27
      33
      33
      16
      31
      16
      38
      23
      36
      25
      30
      29
      23
      24
      25
      25
      36
      30
      29
      33
      21
      22
      22
      25
      31
      28
      34
      27
      26
      28
      28
      28
      26
      25
      32
      20
      23
      28
      24
      25
      28
      27
      26
      30
      36
      17
      30
      29
      27
      19
      18
      30
      26
      26
      22
      22
      26
      25
      29
      36
      19
      19
      30
      31
      28
      31
      19
      24
      29
      28
      26
      25
      35
      19
      31
      21
      28
      23
      25
      25
      20
      32
      31
      24
      25
      22
      30
      34
      39
      29
      27
      29
      22
      29
      18
      31
      21
      24
      28
      24
      28
      19
      22
      25
      23
      25
      24
      30
      25
      26
      26
      29
      26
      23
      25
      30
      15
      21
      32
      17
      35
      26
      28
      23
      25
      33
      19
      28
      23
      23
      20
      13
      30
      25
      32
      36
      25
      21
      22
      32
      27
      23
      22
      16
      30
      21
      18
      34
      19
      32
      25
      27
      26
      28
      17
      24
      29
      26
      25
      18
      21
      23
      27
      16
      39
      25
      21
      28
      33
      27
      23
      26
      19
      25
      19
      21
      15
      26
      32
      34
      24
      28
      27
      29
      19
      19
      40
      15
      17
      26
      32
      25
      27
      30
      29
      28
      22
      21
      29
      31
      23
      25
      26
      21
      33
      26
      35
      28
      34
      39
      44
      31
      24
      17
      24
      18
      26
      31
      24
      28
      22
      26
      23
      21
      34
      21
      22
      26
      28
      30
      24
      22
      18
      30
      23
      18
      16
      17
      23
      21
      30
      22
      32
      24
      15
      27
      20
      19
      14
      20
      24
      23
      33
      24
      25
      31
      18
      25
      30
      26
      35
      24
      23
      21
      19
      25
      31
      28
      24
      32
      25
      17
      23
      26
      23
      20
      15
       9
      32
      14
      27
      16
      20
      22
      36
      26
      27
      24
      34
      32
      11
      23
      28
      30
      22
      22
      30
      25
      33
      24
      31
      32
      21
      23
      25
      19
      12
      26
      29
      30
      28
      27
      33
      18
      27
      17
      26
      27
      21
      33
      22
      16
      31
      24
      27
      17
      25
      25
      19
      24
      27
      26
      33
      15
      31
      23
      25
      42
      21
      29
      32
      32
      26
      26
      28
      22
      25
      24
      31
      33
      22
      23
      18
      18
      14
      18
      13
      24
      20
      24
      24
      28
      21
      19
      23
      17
      21
      18
      21
      22
      26
      19
      20
      20
      25
      19
      26
      26
      25
      23
      21
      26
      24
      21
      24
      21
      20
      22
      19
      24
      19
      24
      20
      21
      18
      23
      21
      16
      16
      23
      17
      23
      23
      22
      29
      23
      23
      18
      19
      21
      23
      20
      20
      17
      19
      25
      24
      29
      24
      20
      18
      17
      19
      25
      22
      29
      32
      19
      22
      21
      25
      23
      25
      15
      15
      22
      18
      23
      26
      32
      27
      20
      21
      17
      19
      21
      32
      24
      12
      28
      15
      22
      18
      21
      26
      22
      23
      24
      18
      16
      23
      18
      22
      19
      19
       9
      22
      19
      25
      23
      26
      18
      18
      22
      21
      21
      31
      23
      22
      25
      23
      20
      27
      12
      18
      15
      17
      24
      24
      20
      21
      21
      25
      29
      20
      22
      28
      33
      20
      22
      17
      32
      22
      21
      28
      22
      32
      22
      23
      18
      27
      16
      20
      15
      22
      15
      23
      23
      23
      15
      22
      33
      23
      23
      23
      20
      23
      29
      25
      25
      21
      25
      21
      12
      21
      22
      21
      15
      24
      18
      18
      23
      25
      20
      23
      22
      18
      17
      18
      20
      22
      23
      22
      21
      27
      26
      28
      22
      15
      20
      20
      24
      22
      23
      23
      20
      16
      12
      15
      28
      20
      20
      23
      23
      17
      27
      26
      25
      21
      17
      14
      13
      23
      23
      16
      18
      24
      21
      15
      17
      20
      22
      27
      23
      21
      20
      15
      20
      25
      27
      14
      11
      24
      21
      18
      19
      18
      14
      21
      17
      26
      32
      27
      21
      22
      13
      20
      17
      24
      20
      36
      45
      32
      63
      42
      31
      22
      23
      21
      27
      16
      17
      20
      25
      22
      23
      18
      17
      24
      17
      13
      17
      19
      17
      17
      16
      20
      21
      15
      17
      16
      20
      28
      18
      18
      23
      25
      22
      17
      24
      19
      24
      26
      18
      17
      24
      13
      22
      19
      22
      23
      15
      19
      20
      21
      20
      24
      21
      19
      16
      18
      16
      25
      13
      10
      20
      31
      26
      33
      36
      29
      22
      21
      20
      20
      17
      17
      19
      15
      24
      25
      18
      18
      15
      15
      15
      21
      18
      27
      18
      14
       8
      23
      17
      16
      26
      24
      26
      20
      17
      16
      14
      16
      27
      14
      21
      18
      24
      19
      15
      17
      20
      25
      17
      23
      20
      15
      22
      23
      23
      21
      17
      17
      16
      20
      16
      21
      13
      13
      11
      21
      14
      14
      18
      27
      22
      19
      18
      16
      18
      24
      17
      10
      10
      17
      18
      27
      12
      10
      17
      24
      17
      22
      17
      14
      29
      23
      21
      32
      25
      25
      20
      20
      22
      18
      24
      19
      33
      22
      28
      33
      27
      38
      20
      18
      23
      13
      12
      16
      19
      17
      18
      19
      14
      18
      16
      20
      17
      15
      20
      19
      12
      19
      24
      18
      14
      16
      20
      16
      12
      12
      23
      23
      16
      17
      18
      17
      18
      18
      15
      18
      13
      21
      18
      16
      11
      14
      21
      19
      18
      13
       9
      22
      14
      17
      24
      15
      18
      13
      15
      24
      17
      19
      20
      12
      23
      12
      27
      18
      13
      14
      20
      16
      18
      18
      16
      14
      18
      20
      16
      19
      17
      13
      15
      14
      17
      24
      19
      17
      18
      14
      23
      27
      21
      29
      20
      12
      13
      16
      13
      20
      20
      23
      22
      13
      15
      17
      21
      14
      19
      13
      25
      22
      17
      16
      24
      18
      25
      21
      21
      10
      15
      21
      15
      22
      19
      16
      16
      30
      17
      17
      15
      19
      16
      20
      15
      13
      12
      23
      19
      20
      14
      20
      20
      18
      14
      15
      19
      12
      22
      18
      23
      21
      19
      18
      25
      14
      19
      17
      15
      15
      13
      24
      15
      15
      23
      16
      14
      11
      19
      20
      17
      18
      13
      16
      12
      13
      17
      19
      14
      12
      11
      16
      18
      13
      20
      18
      19
      19
      13
      10
      17
      20
      15
      24
      17
      12
      27
      19
      21
      16
      17
      23
      17
      15
      16
      21
      15
      21
      16
      18
      18
      15
      16
      20
      15
      23
      21
      16
      16
      27
      17
      19
      19
      11
      13
      22
      10
      23
      18
      12
      15
       7
      23
      15
      13
      19
      18
      16
      14
      13
      19
      16
      20
      19
      19
      16
      16
      13
      12
       9
      17
      21
      20
      15
      16
      12
      15
      13
      23
      11
      17
      11
      18
      20
      12
      18
      19
      19
      17
      10
      13
       9
      18
      20
      22
      29
      11
      17
      13
      19
      17
      17
      15
      14
      11
      25
      14
      18
      22
      19
      10
      18
      12
      14
      28
      18
      16
      17
      19
      18
      11
      12
      16
      18
      17
      19
      14
      15
      14
      14
      19
      13
      13
      15
      17
      23
      14
      12
      16
      16
      17
      17
      19
      14
      22
      20
      15
      22
      10
      12
      10
      22
      11
      18
      25
      22
      11
      20
      15
      12
      19
      16
      18
      14
      14
      22
      13
      16
      14
      22
      13
      20
      17
      20
      16
      15
      18
      19
      16
      25
      12
      14
      12
      14
      16
      18
      14
      17
      17
      22
      15
      22
      14
      21
      20
      26
      15
      21
      12
      18
      12
      20
      14
      17
      17
      15
      22
      19
      10
      16
      23
      14
      22
      22
      15
      18
      18
      16
      15
      18
      18
      17
      11
      13
      20
      20
      21
      19
      14
      18
      13
      17
      15
      20
      16
      19
      14
       9
      19
      18
      18
      13
      21
      20
      17
      21
      24
      10
       9
      19
      20
      10
      19
      19
      35
      47
      63
      71
      72
      61
      35
      23
      23
      16
      21
      13
      13
      10
      12
      18
      19
      20
      15
      11
      12
      22
      13
      13
       8
      15
       8
       8
      12
      20
      21
      15
       9
      27
      12
      18
      12
      14
      11
      16
      12
      17
      17
      15
      16
      14
      13
      18
      19
      24
      25
      15
      13
      16
      11
      13
      24
      19
      16
      10
       8
      24
      10
      17
      17
      14
      20
      12
      22
      14
       9
      18
      15
      18
       7
      18
      16
      20
      21
      17
      20
      15
      13
      20
      28
      16
      13
      12
      13
      10
      23
      23
      26
      12
      19
      17
      13
      18
       9
      19
      18
      14
      16
      23
      31
      30
      29
      18
      13
      21
      16
      16
      13
       9
      20
      15
      18
      15
      24
      16
      13
      17
      20
      21
      16
      17
      17
      14
      20
      18
      14
      15
      18
      21
      16
      12
      15
      20
      11
      13
      11
      18
      14
      16
      19
      18
      18
      20
      20
      12
      16
      12
      15
      13
      11
      13
      18
      21
      17
      12
      14
      21
      18
      11
      23
      15
      19
      11
       4
      12
      17
       9
      15
      18
      15
      17
      12
      11
      13
      25
      21
      12
      19
      31
      15
      12
      22
      13
      16
      16
      20
      10
      20
      16
      18
      10
      21
      17
      14
      16
      15
      14
      17
      19
      21
      12
      17
      18
      20
      14
      14
      24
      13
      23
      24
      14
      21
      20
      13
      13
      11
      24
      21
      11
      18
      21
      13
      12
      15
      12
      11
      15
      18
      16
      15
      13
      17
      11
      17
      15
      15
      10
      11
      22
      16
      19
      20
      15
      21
       9
      18
      15
      11
      23
      19
      18
       9
      19
      22
      14
      16
       9
      25
      14
      15
      23
      15
      17
      18
      16
      17
      15
      22
      14
      12
      13
      14
      14
      15
      18
      10
      10
      13
      24
      16
      21
       9
      17
      22
      22
      16
      16
      18
      14
      23
      17
      10
      16
      18
      17
      19
       9
      16
      24
      15
      15
       9
      16
      15
      14
      16
      18
      11
      23
      23
      15
      11
       8
      15
      15
      11
      15
      13
      15
      19
      13
      19
      11
      17
      23
      17
      15
      22
      15
      12
      20
      11
      11
      13
      17
      16
      17
      17
      29
      33
      38
      32
      32
      22
      14
      10
      14
      10
      17
      16
      10
       8
      10
      20
      16
       9
      10
      13
       6
      13
      16
      16
      15
      17
      15
      14
      14
      13
      16
      16
       9
      18
      10
      11
       9
       8
      12
      14
      15
      12
      10
      15
      19
      14
      18
      12
      22
      13
      19
      14
      12
      12
      16
      11
      11
       7
      12
      12
      17
      11
       9
      13
      10
      22
      20
       9
      10
       7
      10
      11
      13
       8
      12
       8
      16
      11
      11
       7
      12
      14
       7
      14
      12
      22
      15
      11
      14
      19
      10
      12
      15
       9
       7
       8
      10
      14
      10
       8
      12
      13
      11
       7
      15
       6
      10
      25
      15
       9
       9
      14
      10
       9
      14
       5
       6
      14
      11
      13
      12
       7
      12
      15
      14
      23
      22
      14
      11
       5
       8
      17
      12
      13
      14
      15
      16
      13
       9
      16
       6
      11
       9
      13
      16
      12
      19
      13
      11
       7
      10
       7
      15
      10
      19
      11
      10
       7
       7
       9
      10
      10
      18
      11
      14
      12
      12
      14
       9
      10
       7
       5
       9
      12
       7
      15
       7
      14
      15
      16
      16
      12
      12
      12
       6
      14
      14
      10
      15
      15
      11
      12
       9
      11
      10
      15
      16
      12
       9
       6
      10
       9
      10
       7
      12
      13
      12
       5
       7
      11
       8
      15
       7
       8
      16
       7
      11
       7
      10
      10
       7
       9
       6
       6
      11
       5
       7
       9
      11
      12
      11
       8
       9
       7
       4
       8
       4
      13
      15
      11
      11
       7
      11
      13
       7
       6
       8
      13
      10
      11
      11
       7
      12
      11
       5
      10
      10
      10
       7
      13
      16
       7
       7
       7
       6
      12
      12
      16
       8
       6
       8
       8
      13
       9
      11
      11
      12
      12
       3
      18
      10
       6
       9
       8
       5
       7
       8
       8
       7
      11
       5
       4
       9
       2
       6
      14
       5
       2
       6
       8
       8
       9
      12
       7
       8
      15
      10
       6
      13
       8
       8
       8
      11
       6
       3
       7
       6
      11
       6
       7
      11
      10
       9
      12
       5
       7
       7
       6
      13
       9
       8
       8
       6
      11
       5
       7
       8
       7
      11
       6
       6
       9
      10
       6
      15
      11
       5
       9
      11
      13
      12
      14
       6
       5
       7
       7
       9
      10
      11
       8
       5
       8
       7
       7
       4
       4
       5
       6
      11
       5
      13
       4
      13
       5
       7
      11
      10
      10
       8
       6
       6
       8
      10
       6
      11
       9
      10
       6
       8
       8
       9
      12
       8
      10
       6
       5
      13
       8
       7
      11
      12
       4
      15
      13
      18
      18
      22
      14
      14
      26
       7
      12
      14
       7
      10
       6
       7
      11
      14
      11
       8
      10
      10
       8
       9
      11
      12
      12
      17
       8
      11
       6
      14
       6
       8
       6
       7
       5
       6
       6
       8
      10
       6
       6
      12
       2
       2
      11
       7
       7
       4
       2
       5
      12
       6
       9
      11
       8
       8
      13
       9
       9
      12
      12
      10
       7
      10
       3
      11
       7
       4
      15
       6
       9
      11
       9
       9
      13
      16
       8
       6
      12
      12
       8
       8
       2
      10
       9
       5
       9
       8
       8
      16
      12
      10
      16
      11
      15
       9
       7
       7
       1
       8
       9
       8
       7
       5
      13
       9
      14
       5
      11
       6
       8
       4
       9
       8
       4
       9
       8
       8
      11
       8
       8
       5
       8
       6
       5
       7
       5
       7
      10
       8
      10
       9
       3
      12
       4
       5
       6
      12
       9
       6
       9
       5
       9
      10
      10
       8
       4
      10
       8
       4
       8
       3
       7
       7
       7
       7
       5
       8
      14
       3
      10
       5
       9
       5
       6
       5
      10
       7
       7
       9
      10
       8
       3
       3
       6
       4
      10
       9
      10
      10
      12
      10
       5
       8
      10
      11
       4
      11
       2
       3
       9
       4
      10
       8
       9
      11
       4
       7
       7
       9
       9
       5
       8
       6
       8
       3
       6
       8
       7
      11
       6
       9
       4
       7
       7
       7
       8
       5
       5
      10
       6
       8
       6
       5
       9
       9
       7
       6
       6
      10
       5
       4
       4
       4
       4
      10
      11
       6
      14
      25
      60
     106
     204
     223
     251
     287
     196
     115
      58
      27
      16
       9
       6
       9
       5
       8
       2
       6
       5
       4
       3
       2
       5
       7
       5
      10
       6
      10
       3
       5
       8
       3
      12
       8
       3
       8
       4
       3
       5
       6
       3
       4
       4
       7
       2
       6
       9
       8
       4
       5
       6
       3
       7
       5
       5
       5
       2
       5
       4
       4
       7
       4
       3
       3
       9
       6
       2
       4
      10
       2
       8
       8
       5
       6
       7
       8
       7
       5
       8
       8
      12
       4
       6
       9
       5
       6
       9
       8
       8
       6
       3
       8
       7
      11
       2
       3
       6
       4
       3
       4
       9
       7
       5
      11
       5
       4
       8
       6
       9
       6
       5
      11
       4
       7
      10
       3
       4
       9
      12
       9
       7
       9
       2
       6
       8
       7
       7
       7
       5
       5
       4
       8
       7
       6
      10
       9
       8
       5
       7
       5
      12
       9
      10
      11
      13
      13
       9
       9
       5
       6
       6
       5
       5
       6
       6
       7
       6
      12
       6
       3
       7
       5
       5
       2
       8
       6
       7
      13
       5
       5
       7
       2
       6
      12
       4
       5
       4
      10
       9
       4
       5
       3
       4
       5
       6
       4
       5
       5
       9
      11
       5
       8
       4
       4
       1
       4
       9
       6
       7
       4
       5
       3
       6
       4
       6
       4
      10
      12
       5
       6
      10
      12
      12
       7
       3
       7
       6
       3
       5
       2
       7
       4
       5
       6
       6
      11
       5
       6
       5
       6
      15
       4
       6
       4
       2
       3
       6
       1
       4
       3
       9
       4
       6
       5
       6
       7
       2
       9
       2
       8
       4
       8
       6
       1
       4
       4
       4
       4
       7
       6
       3
       4
       4
       7
       7
       4
       7
       7
       3
       3
       7
       6
       5
       7
       2
       6
       7
       3
      11
       6
       4
       2
       2
       4
       4
       3
       9
      11
       4
       7
       8
      10
       4
       1
       8
       2
       9
       3
       6
       5
       3
       8
       5
       6
       3
       5
       2
       4
       9
       5
       3
       8
       7
       7
       3
       5
       2
       8
       6
       6
       3
       7
       2
       7
       3
       4
      10
       6
       3
       9
       4
       5
       8
       2
       3
       3
       5
       6
       4
       7
       3
       5
       6
       6
       8
       5
       2
       2
       7
       3
       4
       6
       8
       6
       8
      13
      10
       8
       9
       5
      10
       4
       5
       6
       7
       5
       3
       5
       5
       7
       7
       1
      10
      12
      10
       8
       5
       7
       3
       6
       8
       7
       7
      13
      16
      13
      22
      17
       8
       9
       7
       8
       5
       7
       5
       6
       8
       3
       2
       4
       3
       5
       4
       3
       6
       3
       6
       7
       3
       5
       3
       4
       8
       7
       2
       3
       4
       1
       3
       6
      10
       5
       8
       8
       4
       4
       6
       3
       5
       7
       3
       6
       6
       4
       2
       9
       5
       0
       6
       3
       6
       6
       3
       5
       4
       5
       3
       6
       2
       1
       6
       3
       2
       9
       4
       7
       2
       4
       9
       4
       3
       3
       7
       5
       5
       9
       6
       5
       5
       6
       9
       3
       4
       7
       6
       3
       8
       2
       7
       5
       5
       7
       4
       6
       3
       6
       5
       6
       5
       3
       3
       1
       4
       4
       3
      12
       2
       7
       5
       7
       9
       3
       7
       3
       5
       5
       4
       3
       3
       2
       7
       5
       8
       1
       5
       6
       5
       8
       5
       5
       7
       2
       2
       0
       6
       3
       4
       4
       4
       3
       3
       8
       2
       3
       5
       2
       3
       7
       4
       2
       4
       4
       0
       5
       4
       7
       7
       4
       6
       2
       2
       2
       5
       3
       2
       4
       8
       5
       3
       4
       8
       4
       4
       2
       4
       1
       3
       2
       5
       1
       6
       2
       5
       4
       5
       6
       8
       4
       4
       4
       3
       4
       6
      10
       9
       9
       8
       5
       7
       6
       4
       8
       4
       1
       4
       5
       2
       8
       7
       7
       2
       3
       2
       3
       4
       4
       5
       4
       3
       2
       5
       3
       8
       4
       7
       3
       5
       4
       2
       4
       3
       3
       2
       4
       5
       3
       4
       1
       1
       3
       2
       4
       0
       4
       3
       4
       7
       3
       4
       8
       2
       1
       5
       2
       4
       2
       4
       8
       5
       2
       5
       4
       3
       5
       4
       5
       6
       6
       3
       1
       2
       4
       4
       0
       4
       2
       5
       0
       5
       2
       4
       5
       4
       6
       4
       5
       6
       4
       3
       3
       3
       2
       1
       1
       6
       5
       3
       5
       4
       3
       2
       3
       2
       5
       0
       1
       1
       3
       1
       5
       3
       4
       3
       5
       5
       3
       3
       3
       3
       1
       6
       1
       1
       5
       6
       3
       7
       2
       1
       3
       5
       1
       1
       2
       2
       2
       5
       6
       3
       5
       5
       4
       4
       6
       3
       2
       1
       2
       4
       5
       1
       6
       6
       2
       2
       6
       5
       1
       5
       3
       3
       6
       2
       6
       2
       5
       2
       3
       2
       3
       1
       2
       4
       4
       5
       2
       3
       2
       7
       5
       3
       4
       6
       4
       3
       2
       4
       7
       4
       2
      12
      13
      16
      17
       9
      11
      10
      10
       8
       1
       9
       2
       6
       4
       5
       4
       2
       3
       2
       5
       1
       2
       4
       3
       4
       2
       5
       3
       5
       2
       3
       3
       6
       5
       2
       7
       1
       3
       3
       6
       5
       0
       1
       1
       0
       4
       4
       3
       1
       1
       2
       5
       6
       3
       4
       1
       2
       2
       4
       5
       2
       3
       2
       1
       1
       6
       2
       2
       3
       3
       3
       5
       1
       5
       1
       6
       5
       4
       3
       5
       1
       0
       1
       3
       5
       4
       3
       2
       1
       5
       7
       0
       4
       3
       2
       4
       3
       3
       6
      10
      20
      36
      50
      53
      74
      55
      51
      33
      14
      18
       5
       6
       0
       6
       4
       2
       2
       3
       0
       1
       1
       3
       4
       3
       2
       2
       0
       2
       2
       5
       1
       3
       5
       5
       6
       0
       1
       3
       3
       3
       4
       1
       3
       4
       1
       5
       3
       1
       3
       7
       1
       5
       3
       1
       2
       2
       1
       2
       1
       4
       3
       2
       1
       2
       2
       5
       2
       2
       3
       4
       3
       5
       4
       3
       2
       2
       0
       2
       4
       1
       6
       5
       2
       4
       2
       4
       2
       2
       0
       3
       7
       5
       2
       6
       0
       5
       1
       2
       4
       5
       3
       4
       3
       2
       4
       5
       5
       2
       0
       1
       5
       5
       3
       1
       6
       0
       6
       5
       3
       5
       1
       5
       4
       1
       2
       3
       2
       4
       1
       6
       1
       2
       3
       3
       5
       3
       0
       3
       7
       2
       3
       2
       4
       3
       1
       0
       4
       5
       3
       7
       3
       0
       1
       2
       5
       5
       2
       6
       1
       3
       5
       3
       0
       0
       3
       5
       1
       1
       1
       5
       2
       1
       2
       2
       5
       4
       4
       6
       1
       3
       4
       0
       2
       0
       5
       7
       3
       5
       1
       0
       3
       5
       6
       2
       2
       4
       1
       4
       5
       7
       7
       1
       2
       1
       4
       0
       3
       2
       1
       2
       6
       5
       2
       4
       2
       3
       6
       2
       2
       5
       3
       2
       6
       3
       2
       0
       0
       1
       4
       3
       4
       3
       4
       2
       4
       1
       1
       4
       6
       3
       4
       5
       6
      11
       9
       7
       9
       8
       4
       7
       7
       4
       2
       3
       2
       4
       0
       4
       3
       4
       5
       4
       3
       3
       6
       1
       4
       4
       4
       2
       2
       2
       6
       1
       7
       1
       0
       2
       4
       3
       0
       3
       4
       3
       3
       2
       3
       0
       3
       3
       3
       3
       4
       2
       8
       2
       0
       2
       4
       1
       3
       3
       1
       2
       0
       3
       6
       4
       4
       2
       6
       4
       2
       6
       4
       2
       5
       4
       2
       9
       3
       0
       2
       6
       2
       2
       4
       3
       2
       2
       2
       3
       6
       3
       2
       0
       4
       4
       2
       3
       5
       3
       5
       4
       1
       3
       2
       2
       4
       1
       1
       2
       1
       3
       4
       3
       1
       4
       0
       4
       0
       6
       3
       3
       5
       2
       2
       2
       1
       1
       3
       4
       2
       2
       3
       5
       1
       3
       3
       2
       4
       8
       3
       4
       4
       4
       4
       5
       5
       6
       8
       5
       4
       3
       4
       4
       2
       4
       3
       1
       4
       2
       1
       4
       5
       4
       4
       3
       4
       1
       3
       3
       3
       4
       3
       1
       4
       2
       5
       5
       1
       1
       3
       3
       2
       3
       1
       3
       1
       5
       5
       1
       8
       2
       3
       4
       4
       4
       1
       3
       1
       0
       4
       3
       4
       2
       2
       2
       4
       4
       1
       4
       2
       0
       3
       3
       2
       3
       4
       1
       5
       0
       2
       4
       2
       2
       7
       1
       1
       5
       2
       6
       2
       4
       1
       2
       5
       3
       4
       2
       3
       2
       3
       3
       0
       0
       1
       2
       1
       2
       2
       1
       1
       4
       1
       2
       3
       6
       3
       2
       3
       7
       3
       1
       4
       0
       4
       3
       2
       1
       3
       5
       0
       2
       1
       2
       3
       3
       2
       2
       2
       2
       3
       1
       4
       2
       3
       1
       6
       3
       6
       3
       5
       2
       2
       1
       5
       1
       2
       5
       5
       4
       0
       2
       4
       3
       3
       1
       3
       3
       4
       2
       5
       3
       1
       3
       1
       4
       5
       4
       1
       3
       2
       4
       3
       0
       0
       2
       0
       2
       5
       3
       3
       0
       3
       5
       3
       2
       3
       3
       3
       5
       1
       2
       4
       1
       3
       4
       1
       2
       3
       7
       0
       4
       2
       2
       2
       6
       5
       2
       1
       3
       4
       4
       4
       5
       6
       6
       4
       1
       2
       3
       3
       3
       2
       3
       2
       2
       6
       4
       3
       5
       2
       1
       3
       4
       6
       6
       1
       2
       2
       1
       5
       2
       1
       3
       5
       2
       1
       4
       2
       3
       1
       1
       3
       0
       0
       5
       2
       5
       1
       4
       3
       0
       1
       0
       3
       2
       0
       2
       3
       3
       2
       2
       4
       4
       0
       1
       4
       1
       0
       4
       1
       1
       6
       3
       0
       4
       1
       9
       1
       4
       1
       1
       5
       3
       4
       2
       3
       1
       1
       4
       2
       4
       3
       6
       3
       1
       2
       5
       3
       2
       5
       1
       2
       3
       5
       4
       4
       0
       1
       2
       0
       1
       2
       0
       0
       2
       1
       1
       2
       2
       3
       3
       2
       1
       1
       1
       4
       1
       1
       2
       0
       1
       2
       2
       1
       2
       2
       6
       3
       2
       1
       2
       0
       1
       3
       1
       6
       2
       3
       2
       6
       2
       1
       4
       4
       4
       3
       3
       3
       4
       0
       3
       4
       4
       3
       4
       3
       3
       5
       3
       2
       2
       2
       1
       5
       2
       2
       4
       2
       4
       1
       1
       1
       6
       4
       2
       4
       4
       0
       5
       1
       1
       2
       2
       1
       6
       3
       4
       2
       0
       3
       0
       3
       1
       2
       1
       1
       2
       2
       3
       2
       4
       3
       1
       6
       1
       1
       1
       0
       1
       0
       5
       2
       2
       0
       2
       5
       2
       3
       0
       1
       3
       5
       1
       4
       2
       1
       5
       0
       2
       2
       3
       3
       3
       2
       0
       4
       2
       2
       1
       4
       3
       1
       1
       3
       0
       1
       2
       0
       1
       4
       1
       2
       1
       1
       6
       3
       0
       2
       3
       1
       1
       7
       1
       3
       3
       3
       0
       0
       1
       0
       1
       0
       0
       2
       5
       3
       2
       2
       6
       3
       1
       1
       2
       3
       5
       4
       3
       2
       1
       0
       6
       1
       2
       2
       3
       2
       6
       3
       1
       2
       4
       2
       5
       4
       0
       3
       3
       4
       0
       2
       3
       2
       3
       2
       1
       1
       0
       5
       1
       2
       3
       3
       3
       1
       0
       2
       2
       3
       3
       1
       0
       5
       3
       4
       3
       1
       4
       1
       0
       1
       2
       2
       0
       2
       0
       1
       2
       1
       1
       1
       0
       2
       1
       3
       3
       1
       4
       0
       3
       1
       3
       3
       5
       2
       2
       3
       2
       7
       1
       3
       5
       7
       5
       4
       6
       3
       7
       5
       4
       4
       3
       3
       2
       2
       4
       3
       2
       2
       2
       1
       2
       4
       3
       8
       3
       3
       1
       1
       4
       1
       3
       1
       2
       1
       1
       3
       4
       1
       3
       0
       2
       2
       4
       3
       0
       5
       7
       7
       6
       7
       3
       8
       2
       4
       1
       2
       3
       3
       2
       1
       8
       2
       3
       2
       2
       0
       1
       4
       0
       2
       2
       0
       2
       2
       3
       2
       2
       2
       1
       2
       3
       1
       3
       2
       4
       1
       0
       2
       1
       2
       3
       4
       2
       0
       1
       2
       4
       1
       0
       3
       2
       1
       2
       1
       1
       5
       1
       3
       1
       1
       0
       5
       2
       4
       0
       3
       1
       2
       1
       1
       3
       2
       1
       2
       5
       0
       5
       1
       1
       5
       3
       2
       5
       1
       1
       3
       4
       1
       1
       1
       3
       3
       3
       2
       3
       3
       0
       1
       4
       4
       3
       2
       1
       2
       1
       1
       1
       1
       3
       4
       1
       2
       1
       0
       2
       1
       3
       2
       5
       2
       0
       2
       0
       2
       1
       3
       2
       1
       2
       4
       3
       1
       3
       1
       5
       1
       3
       0
       3
       5
       4
       4
       3
       1
       3
       2
       2
       1
       2
       3
       0
       3
       2
       1
       5
       1
       2
       0
       1
       0
       2
       4
       0
       4
       4
       2
       2
       1
       3
       2
       2
       1
       0
       1
       3
       2
       2
       1
       2
       1
       2
       1
       1
       3
       2
       1
       2
       3
       6
       1
       2
       1
       3
       3
       4
       3
       0
       1
       1
       2
       2
       0
       1
       1
       1
       4
       2
       2
       6
       3
       1
       2
       1
       2
       4
       1
       2
       1
       2
       0
       3
       2
       0
       2
       0
       3
       2
       2
       1
       5
       0
       2
       1
       2
       2
       2
       2
       2
       3
       3
       5
      10
       6
      11
      13
      18
      17
      10
       7
       6
       4
       3
       3
       0
       2
       1
       1
       5
       2
       4
       1
       1
       5
       0
       1
       2
       3
       1
       2
       1
       3
       3
       2
       0
       1
       1
       0
       2
       1
       3
       2
       3
       2
       5
       1
       1
       2
       3
       1
       3
       1
       0
       2
       0
       2
       3
       3
       3
       2
       1
       2
       2
       2
       1
       0
       3
       1
       1
       3
       2
       5
       4
       3
       2
       5
       2
       3
       4
       4
       0
       2
       1
       2
       2
       3
       3
       0
       4
       2
       2
       1
       2
       2
       1
       2
       2
       3
       0
       2
       2
       1
       1
       1
       3
       3
       0
       4
       0
       1
       1
       1
       4
       1
       1
       1
       2
       5
       2
       3
       0
       3
       2
       3
       3
       3
       1
       1
       2
       3
       5
       1
       1
       3
       4
       1
       0
       3
       2
       4
       2
       2
       2
       2
       4
       1
       2
       1
       3
       0
       2
       4
       3
       2
       2
       6
       1
       2
       1
       0
       3
       5
       3
       1
       2
       1
       1
       4
       1
       2
       3
       4
       0
       1
       1
       0
       3
       1
       2
       2
       1
       3
       3
       5
       2
       1
       5
       5
       0
       0
       0
       3
       4
       3
       1
       1
       5
       1
       3
       0
       2
       0
       1
       0
       3
       3
       1
       1
       4
       3
       3
       4
       1
       0
       3
       3
       4
       2
       4
       4
       1
       3
       1
       4
       3
       1
       4
       1
       4
       2
       2
       1
       3
       0
       2
       6
       1
       2
       1
       1
       0
       1
       1
       3
       3
       1
       2
       1
       1
       2
       4
       1
       1
       3
       2
       0
       2
       4
       0
       2
       1
       0
       5
       6
       4
      10
       4
       4
       3
       0
       5
       0
       6
       3
       2
       5
       4
       4
       2
       3
       0
       6
       1
       2
       2
       1
       3
       2
       2
       0
       4
       1
       1
       1
       1
       2
       1
       2
       2
       1
       0
       5
       1
       3
       5
       1
       4
       3
       2
       3
       1
       1
       1
       1
       1
       0
       3
       3
       1
       1
       0
       2
       1
       3
       3
       6
       2
       2
       4
       3
       1
       4
       0
       6
       1
       3
       0
       1
       2
       3
       3
       3
       2
       2
       2
       2
       1
       0
       5
       3
       1
       3
       1
       4
       2
       5
       1
       5
       4
       4
       0
       2
       2
       1
       1
       4
       2
       3
       2
       5
       4
       1
       2
       6
       4
       2
       1
       2
       2
       4
       1
       2
       3
       3
       0
       1
       1
       3
       1
       2
       4
       3
       2
       1
       3
       3
       0
       0
       5
       3
       3
       3
       2
       3
       1
       4
       3
       3
       0
       4
       2
       1
       3
       4
       2
       2
       2
       1
       2
       1
       4
       2
       0
       4
       4
       4
       2
       4
       1
       2
       2
       5
       2
       0
       1
       1
       0
       2
       0
       2
       2
       2
       2
       3
       3
       1
       0
       2
       1
       1
       2
       0
       3
       2
       1
       2
       2
       1
       4
       2
       2
       2
       1
       1
       2
       2
       2
       2
       1
       3
       0
       3
       1
       0
       1
       2
       1
       2
       4
       2
       2
       1
       0
       5
       1
       3
       2
       2
       0
       2
       3
       1
       3
       1
       3
       6
       4
       0
       5
       1
       1
       0
       1
       2
       0
       1
       2
       1
       4
       1
       2
       1
       0
       4
       5
       1
       2
       3
       1
       0
       3
       0
       1
       0
       0
       1
       4
       1
       3
       3
       1
       3
       2
       1
       0
       2
       1
       1
       0
       4
       2
       2
       0
       2
       3
       0
       2
       0
       0
       3
       0
       4
       1
       2
       2
       1
       3
       1
       0
       2
       1
       0
       2
       1
       3
       2
       1
       3
       4
       0
       0
       2
       1
       1
       1
       1
       3
       2
       3
       2
       3
       2
       0
       1
       2
       2
       3
       1
       3
       1
       1
       4
       0
       1
       1
       1
       0
       0
       2
       1
       0
       3
       3
       0
       2
       0
       3
       1
       2
       2
       1
       0
       3
       0
       1
       0
       0
       3
       0
       4
       3
       2
       3
       2
       2
       3
       1
       2
       0
       2
       3
       3
       2
       3
       3
       1
       2
       2
       1
       3
       2
       1
       3
       1
       0
       2
       4
       1
       2
       1
       0
       1
       1
       3
       1
       1
       1
       2
       3
       0
       1
       1
       0
       1
       0
       3
       1
       1
       1
       2
       2
       1
       1
       0
       2
       1
       0
       2
       1
       0
       1
       1
       1
       1
       0
       1
       2
       2
       1
       2
       1
       1
       2
       3
       0
       1
       2
       1
       2
       1
       2
       1
       1
       1
       2
       3
       1
       1
       7
       3
       5
       6
       9
       5
       4
       4
       1
       1
       1
       0
       1
       2
       2
       0
       0
       4
       0
       1
       2
       2
       0
       2
       2
       1
       3
       2
       0
       0
       1
       3
       0
       2
       1
       1
       1
       1
       0
       6
       0
       0
       1
       1
       1
       1
       1
       2
       1
       0
       0
       0
       0
       1
       1
       2
       1
       1
       3
       1
       2
       0
       0
       1
       1
       3
       0
       0
       0
       1
       1
       1
       1
       0
       0
       2
       1
       1
       0
       1
       1
       2
       0
       1
       2
       0
       1
       0
       0
       0
       1
       2
       0
       1
       0
       1
       1
       0
       0
       1
       3
       3
       1
       1
       4
       0
       1
       3
       0
       2
       2
       1
       3
       1
       1
       1
       1
       1
       1
       1
       2
       1
       3
       2
       0
       2
       0
       0
       0
       1
       1
       0
       0
       1
       1
       2
       3
       1
       0
       0
       4
       0
       1
       1
       0
       1
       2
       2
       1
       1
       2
       0
       0
       0
       4
       0
       0
       2
       1
       1
       3
       0
       1
       0
       0
       0
       1
       3
       2
       1
       1
       0
       0
       0
       0
       0
       1
       2
       0
       1
       0
       4
       1
       1
       3
       1
       0
       1
       0
       0
       1
       0
       1
       2
       1
       2
       0
       0
       0
       0
       1
       1
       1
       2
       3
       0
       2
       1
       2
       1
       1
       1
       0
       1
       2
       1
       0
       0
       1
       0
       2
       0
       1
       2
       0
       0
       0
       1
       2
       1
       2
       0
       1
       1
       0
       0
       1
       1
       1
       0
       0
       1
       0
       3
       1
       1
       0
       1
       0
       0
       2
       2
       2
       1
       1
       2
       3
       1
       1
       3
       1
       1
       1
       2
       0
       0
       1
       0
       2
       2
       2
       0
       1
       0
       1
       0
       2
       2
       1
       0
       0
       0
       0
       0
       1
       1
       1
       1
       0
       0
       4
       2
       1
       1
       1
       2
       1
       2
       0
       1
       1
       0
       0
       2
       1
       0
       2
       1
       2
       0
       1
       1
       1
       0
       1
       1
       0
       0
       2
       1
       1
       1
       0
       2
       0
       0
       1
       2
       0
       1
       1
       1
       0
       1
       2
       2
       0
       1
       1
       0
       0
       1
       2
       3
       2
       0
       0
       0
       1
       1
       0
       0
       0
       0
       2
       2
       2
       0
       0
       0
       2
       1
       1
       1
       1
       3
       1
       0
       0
       0
       0
       0
       0
       0
       2
       0
       2
       1
       0
       1
       1
       2
       2
       1
       2
       0
       2
       0
       1
       1
       1
       0
       1
       0
       0
       1
       0
       1
       0
       1
       0
       1
       1
       0
       2
       1
       0
       1
       0
       0
       1
       0
       3
       0
       0
       2
       3
       1
       2
       0
       0
       0
       0
       1
       0
       1
       2
       0
       0
       0
       0
       2
       0
       0
       0
       1
       0
       1
       0
       0
       1
       0
       0
       0
       1
       0
       0
       0
       0
       1
       1
       0
       0
       1
       0
       0
       2
       0
       0
       0
       1
       1
       0
       2
       0
       1
       0
       2
       1
       0
       0
       1
       0
       0
       1
       2
       0
       1
       2
       2
       3
      11
      18
      21
      25
      37
      39
      35
      37
      24
      24
       9
       7
      10
       4
       2
       0
       1
       1
       2
       2
       0
       1
       2
       0
       1
       0
       0
       0
       0
       0
       2
       1
       1
       1
       0
       2
       1
       0
       1
       0
       0
       2
       0
       0
       0
       0
       0
       1
       1
       0
       2
       0
       1
       1
       1
       0
       2
       1
       1
       1
       3
       2
       3
       1
       2
       0
       0
       0
       0
       0
       1
       2
       0
       1
       1
       0
       0
       0
       2
       1
       0
       0
       1
       0
       1
       0
       1
       1
       1
       1
       0
       0
       3
       1
       1
       1
       0
       0
       0
       0
       2
       0
       0
       2
       0
       1
       0
       1
       0
       0
       0
       1
       2
       0
       0
       0
       0
       0
       0
       0
       2
       1
       0
       0
       1
       0
       1
       1
       2
       0
       0
       1
       1
       0
       2
       0
       1
       1
       0
       0
       1
       0
       0
       1
       2
       2
       1
       0
       0
       2
       0
       0
       1
       0
       0
       0
       0
       0
       2
       0
       0
       5
       1
       0
       0
       1
       2
       0
       1
       1
       0
       3
       3
       3
       2
       0
       0
       2
       0
       0
       1
       2
       2
       2
       1
       3
       0
       1
       1
       1
       1
       1
       1
       1
       2
       1
       1
       0
       0
       0
       1
       4
       1
       0
       1
       0
       0
       3
       2
       2
       1
       0
       1
       0
       0
       2
       4
       0
       1
       0
       0
       1
       0
       0
       0
       0
       2
       0
       0
       0
       1
       0
       1
       2
       0
       1
       1
       0
       1
       0
       0
       0
       2
       3
       1
       0
       0
       0
       3
       0
       0
       0
       2
       0
       0
       1
       0
       0
       3
       0
       1
       0
       2
       0
       2
       0
       1
       1
       0
       0
       1
       0
       1
       0
       1
       2
       0
       1
       1
       1
       1
       0
       0
       1
       0
       2
       0
       0
       0
       1
       1
       1
       1
       0
       0
       0
       1
       1
       0
       0
       0
       0
       1
       0
       0
       0
       1
       2
       1
       2
       1
       1
       1
       0
       0
       0
       1
       1
       1
       1
       1
       1
       1
       0
       1
       0
       0
       0
       0
       1
       1
       0
       0
       0
       0
       1
       0
       1
       1
       0
       0
       1
       0
       0
       0
       1
       0
       0
       0
       0
       0
       0
       2
       0
       0
       0
       1
       0
       0
       0
       1
       0
       1
       2
       1
       0
       1
       0
       0
       0
       2
       2
       1
       1
       0
       2
       1
       0
       0
       0
       2
       1
       1
       0
       1
       2
       0
       1
       0
       0
       1
       0
       1
       0
       0
       1
       1
       1
       1
       0
       0
       0
       1
       0
       1
       1
       0
       0
       1
       1
       0
       3
       0
       0
       1
       0
       2
       2
       0
       0
       0
       0
       0
       1
       1
       0
       0
       0
       0
       1
       2
       1
       4
       5
       6
       5
       4
       8
       6
       8
       6
       5
       5
       9
      12
       9
       7
       9
       7
       8
       2
       6
       5
       2
       3
       6
       4
       6
       5
       2
      12
       5
       6
       3
       7
       7
       6
       7
       7
       3
       4
       6
       6
      10
       6
       3
       5
       4
       3
       5
       6
       9
       8
       4
       8
       7
       4
       6
       5
       2
       6
       3
       8
       6
       7
       6
       6
       6
       4
       6
       4
       4
       7
       3
       4
       5
       8
       6
       7
       3
       6
      14
       5
       6
       5
       3
       5
       7
       5
       8
       4
       5
       8
       4
       6
       5
       5
       7
       4
       3
       7
       5
       6
       6
       7
       4
       4
       4
       9
      10
      11
       7
       7
       5
       8
       2
       6
       5
       3
       7
       7
       7
       9
       6
       4
      12
       5
       5
       3
       8
       9
       2
       4
       3
       7
       8
       7
       2
       3
       5
       4
       3
       4
       0
       4
       2
       1
       4
       6
       6
       5
       6
       3
       4
       8
       4
       3
       4
       6
       6
       9
       5
       4
       7
       3
       1
       2
       1
       4
       4
       7
       4
       9
       3
       8
       2
       4
       4
       6
       5
       6
       3
       1
       3
       3
       6
       2
$ROI:
6
112 115
211 241
384 394
596 612
615 621
1181 1201
$PRESETS:
None
0
0
$ENER_FIT:
-3.068388 0.575002
$MCA_CAL:
3
-3.068388E+000 5.750019E-001 0.000000E+000 keV
$SHAPE_CAL:
3
1.505919E+000 9.254546E-004 0.000000E+000
