$SPEC_ID:
No sample description was entered.
$SPEC_REM:
DET# 1
DETDESC# MCB 338
AP# Maestro Version 6.06
$DATE_MEA:
06/16/2014 14:02:14
$MEAS_TIM:
68580 68597
$DATA:
0 8191
       0
       0
       0
       0
       0
       0
       0
       0
       0
       0
       0
       0
       0
       0
       0
       0
       0
       0
       0
       0
       0
       0
       0
       0
       0
       0
       0
       0
       0
       0
       0
       0
       0
       0
       0
       0
       0
       0
       0
       0
       0
       0
       0
       0
       0
       0
       0
       0
       7
      63
     191
     191
     159
     165
     176
     172
     185
     165
     192
     190
     201
     162
     145
     161
     173
     157
     169
     158
     170
     148
     145
     161
     143
     158
     167
     171
     144
     147
     155
     147
     140
     129
     125
     131
     143
     126
     146
     135
     118
     123
     129
     138
     119
     122
     126
     133
     127
     118
     133
     155
     119
     137
     128
     138
     128
     131
     103
     129
     106
     122
     116
     119
     110
     100
     123
     115
     105
     100
     119
     120
     120
     109
      92
     105
     103
     115
     116
     118
     117
     127
     107
     101
     111
     107
      99
      89
     110
     105
     106
     114
     128
     110
     103
     108
      96
     114
      92
      92
      97
     120
     102
     106
     111
     119
     112
      98
     103
      89
     102
     112
     102
     102
      98
      99
     102
     102
     109
     102
      86
     109
      98
      94
     112
     105
      97
     103
     103
     114
     107
     117
     115
     107
     114
     115
     117
     110
      98
     115
     125
     144
     119
      88
     110
      87
      92
     104
      98
     102
     127
     109
     115
     114
      94
      83
      96
     107
     110
      95
      97
     110
     110
     115
      89
     113
     123
     131
     182
     193
     143
     113
     107
     131
     208
     274
     226
     138
     110
     100
     113
     132
     126
      99
     110
     106
     115
      94
      95
     104
     119
     106
      99
     110
      88
     107
     117
     120
     105
     117
     110
     147
     146
     160
     164
     127
     114
     107
     109
     117
     116
      96
     106
     106
      94
      98
      99
     108
     121
     107
     119
      88
     109
     107
     159
     193
     203
     215
     148
      97
     113
     112
     122
     136
     120
      95
     110
     101
     106
     106
      99
     151
      90
     116
     121
     115
     107
     117
     117
     125
     117
     108
     120
     110
     121
     148
     101
     120
     110
     111
     107
     121
     103
     121
     124
     133
     124
     117
     132
     102
     133
     137
     126
      88
     156
     125
     108
     104
     123
     131
     146
     134
     123
     110
     135
     129
     135
     120
     128
     132
     138
     122
     125
     111
     128
     128
     112
     147
     122
     140
     127
     113
     141
     121
     128
     129
     128
     136
     126
     139
     122
     134
     122
     136
     147
     140
     115
     126
     133
     118
     126
     110
     138
     135
     133
      96
     115
     143
     141
     135
     129
     137
     130
     116
     133
     115
     127
     123
     135
     123
     140
     141
     137
     129
     141
     119
     140
     122
     127
     115
     133
     126
     115
     108
     120
     126
     131
     121
     131
     128
     137
     118
     154
     119
     129
     124
     129
     133
     138
     124
     124
     142
     150
     147
     140
     153
     128
     133
     130
     119
     144
     137
     138
     134
     130
     123
     121
     135
     121
     122
     122
     126
     130
     124
     118
     129
     127
     125
     157
     132
     129
     116
     118
     140
     109
     126
     120
     120
     123
     110
      97
     109
     109
     137
     125
     125
     119
     135
     132
     131
     112
     121
     110
     112
     132
      97
     133
     116
     127
     136
     143
     132
     124
     117
     106
     112
     134
     124
     132
     121
     122
     131
     114
     123
     121
     132
     118
     117
     139
     108
     109
     108
     114
     123
     116
     107
     133
     116
     119
     121
     122
     130
     123
     115
     117
     118
     125
     138
     105
     127
     114
     118
     102
     115
     124
     119
     111
     125
     121
     111
     104
     111
     105
     100
     101
     115
     136
     121
     115
     113
     108
     129
     109
     111
     127
     168
     217
     180
     109
     106
      95
     121
     114
     117
     115
     102
     100
     110
     128
     119
     126
     104
     104
     105
     107
     103
     115
     119
     110
     109
     102
      97
      96
     119
     113
      89
     103
      97
     106
     101
     101
      99
     105
     119
     140
      97
     115
     106
      95
     111
     121
      98
      97
      95
      96
      97
      94
      92
     112
     116
     100
      90
     111
     114
      91
     109
      99
      98
     104
      87
     106
      99
     100
     104
     122
     113
     115
     116
      89
     109
      98
      92
     102
     110
      98
      82
      95
     101
     112
     103
      90
     106
      93
      93
     107
      97
     101
      90
      95
     102
      86
      91
     105
      97
      93
      96
      94
      80
      98
      89
     100
      81
      83
     112
      73
      93
      91
      84
     103
      83
      83
      94
     100
      85
      93
     105
      95
      87
      89
      89
      89
      91
      99
      89
      89
     110
      83
      71
      84
      86
      89
      95
     102
      87
     120
      75
     106
      85
      92
      85
      79
      80
      67
      85
      87
      92
     100
     112
     124
     146
     127
      80
      85
      93
      79
      85
     108
      91
      94
      93
      82
      77
      88
      70
      74
     101
      91
      91
      98
      85
      84
      79
      91
      70
      86
      83
      75
      82
      97
      82
      64
      70
      69
      81
      84
      85
      89
      72
      64
      82
      89
      69
      78
      81
      91
      79
      81
      77
      69
      78
      79
      70
      78
      81
      72
      88
      85
      72
      64
      61
      79
      80
      69
      77
      84
      86
      62
      80
      82
      78
      68
      66
      74
      63
      62
      70
      86
      78
      74
      88
      83
      67
      71
      81
      68
      86
      70
      87
      76
      63
      62
      84
      61
      79
      77
      70
      72
      60
      88
      79
      78
      82
      67
      66
      79
      67
      85
      51
      70
      80
      66
      74
      71
      69
      73
      71
      62
      69
      74
      73
      56
      69
      76
      85
      65
      67
      61
      68
      67
      63
      60
      73
      77
      62
      63
      52
      85
      71
      63
      62
      52
      65
      59
      53
      83
      67
      58
      72
      73
      65
      60
      58
      66
      66
      55
      71
      65
      60
      63
      61
      65
      72
      63
      96
      79
      44
      85
      70
      56
      55
      57
      60
      50
      60
      60
      66
      57
      60
      59
      48
      61
      72
      63
      53
      67
      56
      52
      54
      49
      70
      64
      59
      69
      63
      59
      54
      65
      62
      58
      70
      49
      53
      56
      49
      61
      58
      64
      64
      41
      48
      60
      46
      58
      58
      56
      64
      54
      59
      54
      62
      56
      55
      50
      64
      49
      54
      54
      57
      52
      58
      59
      59
      56
      58
      43
      49
      52
      58
      68
      47
      57
      55
      63
      52
      58
      55
      74
      53
      54
      48
      52
      52
      60
      56
      64
      55
      54
      51
      57
      61
      49
      54
      50
      46
      57
      61
      46
      59
      49
      61
      52
      43
      68
      52
      47
      50
      51
      52
      42
      53
      60
      62
      47
      42
      66
      59
      50
      57
      56
      68
      53
      55
      52
      55
      56
      45
      68
      56
      47
      47
      46
      49
      56
      39
      54
      47
      52
      52
      60
      56
      35
      39
      55
      45
      53
      45
      53
      53
      43
      43
      40
      44
      62
      38
      51
      66
      59
      85
      67
      64
      54
      47
      47
      55
      36
      42
      43
      46
      52
      51
      39
      41
      54
      53
      38
      55
      58
      49
      46
      39
      34
      49
      58
      52
      53
      54
      37
      40
      48
      37
      40
      63
      41
      39
      43
      38
      45
      36
      48
      62
      44
      48
      43
      45
      37
      34
      52
      47
      34
      46
      47
      46
      53
      38
      46
      51
      34
      46
      52
      44
      46
      45
      52
      48
      34
      45
      44
      42
      47
      48
      53
      51
      38
      49
      46
      46
      46
      36
      32
      42
      42
      51
      45
      48
      46
      37
      38
      33
      37
      52
      39
      58
      48
      40
      38
      39
      35
      45
      33
      51
      43
      33
      35
      46
      37
      32
      46
      35
      63
      43
      35
      49
      33
      44
      38
      34
      33
      41
      47
      46
      45
      43
      47
      40
      47
      44
      32
      40
      36
      45
      38
      51
      50
      40
      37
      35
      41
      45
      43
      33
      32
      44
      40
      38
      36
      42
      53
      41
      31
      35
      46
      43
      35
      46
      35
      43
      44
      44
      33
      42
      54
      50
      42
      60
      45
      41
      42
      36
      27
      37
      31
      45
      44
      45
      48
      28
      38
      23
      42
      42
      33
      31
      49
      38
      38
      49
      29
      34
      35
      26
      33
      36
      40
      27
      31
      37
      40
      39
      34
      34
      34
      42
      34
      37
      29
      39
      51
      33
      44
      40
      37
      33
      51
      35
      39
      34
      34
      35
      29
      36
      30
      38
      28
      32
      36
      36
      41
      40
      35
      37
      51
      32
      35
      22
      39
      32
      47
      37
      34
      29
      34
      32
      40
      33
      42
      34
      40
      26
      43
      48
      33
      41
      36
      33
      43
      38
      42
      26
      35
      30
      37
      35
      36
      39
      32
      34
      34
      37
      38
      36
      38
      45
      37
      33
      36
      33
      32
      34
      35
      37
      36
      27
      39
      37
      31
      34
      27
      26
      39
      40
      33
      37
      48
      32
      39
      34
      25
      40
      33
      35
      42
      29
      38
      25
      40
      43
      40
      45
      26
      39
      43
      36
      30
      41
      34
      25
      30
      42
      32
      33
      31
      49
      23
      36
      30
      29
      38
      40
      32
      35
      33
      24
      38
      23
      22
      25
      33
      32
      30
      30
      33
      30
      45
      35
      34
      35
      34
      40
      31
      32
      36
      33
      39
      30
      28
      32
      30
      35
      32
      27
      29
      34
      39
      31
      27
      30
      27
      24
      31
      25
      28
      32
      22
      23
      34
      35
      36
      33
      35
      29
      25
      37
      31
      38
      35
      29
      24
      21
      27
      35
      31
      19
      35
      34
      28
      33
      32
      30
      35
      30
      23
      33
      41
      33
      31
      41
      36
      39
      24
      29
      28
      14
      28
      33
      27
      35
      29
      24
      43
      29
      33
      29
      37
      44
      20
      29
      29
      27
      32
      30
      44
      25
      29
      32
      15
      34
      36
      22
      28
      42
      25
      37
      30
      38
      34
      31
      37
      33
      24
      28
      30
      37
      45
      60
      68
      94
     112
     111
     122
      94
     113
      79
      77
      48
      41
      40
      30
      38
      30
      30
      23
      33
      33
      32
      22
      26
      41
      27
      22
      32
      25
      38
      33
      28
      33
      30
      35
      32
      24
      36
      37
      22
      38
      34
      29
      31
      27
      31
      23
      36
      39
      33
      29
      30
      28
      31
      26
      30
      42
      21
      33
      27
      21
      34
      19
      13
      26
      24
      33
      25
      31
      23
      26
      39
      31
      29
      30
      22
      38
      19
      33
      30
      23
      25
      34
      24
      36
      30
      29
      24
      27
      23
      32
      31
      31
      28
      29
      31
      30
      23
      31
      34
      32
      28
      27
      27
      34
      26
      14
      31
      31
      22
      25
      47
      23
      24
      23
      32
      40
      19
      20
      28
      20
      33
      25
      31
      41
      32
      19
      29
      22
      27
      19
      30
      21
      21
      17
      30
      20
      26
      21
      21
      29
      23
      38
      26
      26
      32
      22
      19
      16
      32
      28
      40
      18
      20
      26
      37
      24
      22
      26
      23
      20
      29
      25
      23
      20
      21
      30
      25
      28
      27
      25
      25
      29
      35
      23
      30
      19
      25
      28
      26
      37
      30
      24
      25
      24
      25
      28
      24
      27
      22
      29
      31
      29
      20
      22
      25
      24
      27
      19
      23
      31
      23
      20
      20
      20
      39
      26
      25
      34
      21
      42
      29
      27
      25
      42
      37
      30
      20
      33
      24
      24
      19
      17
      20
      15
      31
      13
      23
      22
      23
      17
      19
      20
      23
      29
      26
      21
      27
      21
      16
      22
      19
      25
      22
      21
      28
      25
      22
      29
      22
      30
      25
      29
      24
      23
      18
      24
      19
      27
      37
      16
      27
      33
      24
      26
      23
      18
      33
      19
      27
      24
      22
      24
      22
      24
      27
      20
      22
      16
      12
      26
      19
      24
      22
      39
      22
      26
      19
      26
      42
      47
      58
      57
      50
      27
      26
      29
      18
      23
      34
      23
      23
      17
      22
      21
      27
      23
      24
      26
      18
      23
      20
      19
      20
      21
      16
      21
      34
      22
      20
      25
      21
      32
      21
      34
      28
      18
      21
      24
      26
      22
      18
      27
      19
      21
      17
      21
      17
      24
      21
      24
      17
      23
      20
      31
      17
      21
      23
      29
      21
      30
      18
      19
      29
      26
      22
      21
      27
      22
      19
      24
      22
      24
      35
      34
      17
      24
      20
      25
      26
      25
      20
      28
      18
      29
      22
      21
      14
      26
      20
      20
      19
      20
      26
      29
      14
      23
      18
      18
      25
      33
      21
      17
      24
      20
      19
      18
      23
      22
      16
      23
      13
      18
      26
      13
      22
      34
      21
      19
      25
      23
      20
      27
      19
      24
      26
      28
      24
      16
      24
      32
      21
      27
      36
      23
      20
      26
      13
      16
      22
      26
      25
      20
      19
      22
      16
      21
      24
      19
      24
      40
      55
      76
      86
      52
      39
      22
      26
      28
      22
      17
      25
      25
      28
      14
      23
      27
      21
      28
      29
      17
      20
      22
      18
      29
      28
      25
      23
      18
      26
      25
      23
      17
      24
      26
      19
      22
      16
      20
      12
      24
      25
      20
      26
      15
      20
      28
      14
      18
      14
      22
      27
      27
      26
      16
      18
      16
      15
      17
      16
      15
      21
      14
      17
      22
      20
      21
      26
      21
      19
      32
      26
      22
      18
      15
      18
      24
      13
      19
      26
      30
      27
      26
      26
      27
      26
      20
      22
      24
      20
      25
      15
      28
      25
      19
      26
      15
      18
      18
      24
      15
      26
      22
      18
      28
      20
      25
      25
      21
      23
      19
      19
      19
      26
      21
      20
      22
      20
      20
      19
      17
      26
      27
      19
      23
      19
      28
      15
      24
      16
      18
      29
      26
      21
      18
      30
      19
      19
      24
      25
      19
      20
      23
      24
      23
      25
      23
      23
      13
      17
       8
      23
      22
      14
      21
      18
      19
      17
      21
      12
      22
      25
      18
      20
      11
      17
      17
      26
      22
      23
      15
      21
      13
      25
      26
      16
      18
      17
      24
      17
      17
      19
      12
      11
      17
      17
      20
      22
      23
      18
      20
      22
      22
      29
      15
      17
      17
      26
      15
      21
      23
      12
      22
      25
      22
      15
      18
      17
      22
      22
      27
      11
      20
      22
      20
      22
      22
      14
      15
      26
      15
      20
      19
      21
      15
      16
      19
      23
      22
      19
      25
      20
      23
      16
      15
      15
      20
      30
      16
      20
      19
      20
      16
      23
      15
      30
      22
      19
      13
      24
      14
      17
      14
      20
      16
      19
      25
      21
      21
      14
      26
      16
      21
      24
      16
      13
      16
      16
      29
      29
      17
      19
      19
      16
      23
      23
       9
      25
      17
      16
      17
      12
      21
      18
      18
      16
      28
      19
      22
      29
      17
      20
      17
      21
      16
      23
      16
      21
      15
      22
      18
      17
      21
      19
      19
      15
      22
      25
      18
      23
      27
      33
      16
      11
      26
      17
      19
      15
      18
      22
      15
      22
      17
      24
      21
      19
      17
      23
      21
      12
      18
      17
      19
      20
      16
      21
      18
      17
      25
      21
      18
      16
      19
      20
      15
      14
      29
      19
      14
      23
      22
      13
      17
      29
      23
      25
      14
      21
      18
      21
      26
      27
      23
      26
      14
      21
      19
      20
      14
      13
      14
      20
      18
      15
      18
      17
      18
      18
      19
      12
      27
      15
      16
      14
      20
      14
      20
      20
      16
      25
      26
      14
      13
      16
      17
      15
      15
      22
      11
      12
      22
      21
      20
       5
      16
      18
       9
      15
      24
      24
      12
      21
      12
      17
      20
      13
      11
      14
      12
      21
      28
      18
      18
      16
      16
      13
      16
      19
      16
      14
      27
      21
      22
      16
      17
      23
      17
      23
      17
      19
      14
      23
      16
      20
      19
      10
      21
      21
      13
      23
      14
      17
      15
      13
      18
      12
      24
      18
      21
      12
      14
      19
      18
       5
      21
      27
      20
      11
      22
      17
      27
      22
      27
      14
      18
      17
      16
      21
      20
      14
      20
      18
      16
      19
      15
      17
      20
      18
      31
      19
      12
      17
      15
      15
      26
      19
      20
      19
      13
      16
      22
      25
      28
      19
      15
      19
      11
      17
       9
      20
      22
      20
      12
      14
      11
      22
      10
      10
      17
      22
      23
      19
      15
      23
      22
      12
      14
      19
      20
      20
      15
      21
      23
      11
      13
      18
      10
      18
      19
      22
      18
      14
      16
      17
      21
      20
      14
      15
      10
      18
      13
      20
      16
      17
      20
      15
      20
      17
      18
       9
      15
      14
      11
      10
      23
      16
      16
      19
      14
      16
      10
      17
      11
      21
      19
      16
       9
      23
      12
      19
      11
      19
      10
      30
      14
      10
      20
      17
      15
      11
      17
      12
      14
      19
      13
      21
      17
      16
      17
      17
      16
      25
      22
      21
      13
      22
      20
      15
      14
      18
      17
      22
      14
      12
      17
      15
      15
      18
      12
      10
       9
      22
      15
      19
      21
      25
      16
      11
      12
      16
      11
      10
       8
      20
      24
      18
      23
      21
      14
      17
      14
      21
      24
      17
      18
      19
      25
      14
      16
      11
      12
      16
      19
      20
      15
      21
      11
      12
      21
      14
      22
      18
      20
      15
      13
      13
      18
      17
      23
      11
      13
      11
      15
      17
      14
      15
      18
      18
      16
      14
      17
      16
      17
      16
      15
      12
      19
      15
      21
      16
      10
      17
      16
       5
      20
      20
      19
      14
      16
      13
      18
      12
      13
      13
      20
      16
      17
      13
      17
      13
       8
      12
      11
      14
      17
      15
      13
      14
      15
      15
      13
      12
      12
      25
      29
      26
      25
      27
      28
      10
      11
      17
      16
      18
      10
      15
      13
      17
      10
      12
      21
      22
      15
       9
      17
      14
      20
      16
      24
      15
      14
      14
      18
       9
      14
      19
      12
      19
      19
       9
      21
      14
      15
      13
      21
      21
       7
      19
      19
      13
      10
      20
      14
       9
      12
      13
      13
      10
      13
      13
      17
       7
      13
      14
       5
      10
      20
      16
       8
       9
       9
      17
      22
      19
      13
      18
      18
       9
       9
      12
      18
      20
      14
       7
      21
      11
      16
      17
      16
      10
      17
      28
      13
      12
      15
      20
      15
      12
      12
      13
      14
      19
      12
       9
      13
      16
      15
      12
      13
      13
      15
      13
      16
      10
      10
       6
      16
      18
      20
      13
       7
      10
      11
      11
      15
      10
      15
      13
      13
      11
      15
      18
      13
      14
      15
      18
      15
      18
      18
      12
      14
      11
      16
      16
      14
      20
      11
      14
      12
      11
      15
       9
      13
      17
      21
      19
       7
      23
      12
      19
      20
      15
      17
      12
      12
      11
      15
      19
      10
      18
      15
      10
      21
      16
      24
      18
      14
      17
      11
      17
      11
      11
      13
      13
      13
      11
       9
       6
      13
      10
       6
      10
       9
      11
      19
      11
       6
      13
      16
      17
      14
      17
      14
      17
      18
      12
      12
      15
      10
      15
      11
      16
      12
      10
       9
       5
       7
       7
      16
      10
      14
      15
      16
      15
      10
      10
      14
       9
      12
      13
      18
      21
      19
      11
      19
      13
      19
      13
      14
      16
      10
       9
      13
      15
      13
      13
      12
       7
      10
       9
      17
      15
      13
      10
      13
      11
      19
      15
      12
      13
      10
      10
      19
      10
      16
      18
      16
      17
       9
      22
      12
      10
      10
      15
      12
       9
      11
      12
      13
       9
      10
      12
       5
       9
      13
      15
      15
      18
      14
       9
       9
      14
      16
      12
      13
      19
       7
       9
      15
      15
      16
      12
       7
      12
      16
      11
      16
       8
       9
      14
      16
      14
       4
      19
      21
       9
      11
      17
      15
      15
      15
      14
      18
      12
      11
      21
      13
      12
      21
       9
      18
      13
       9
      14
      12
       9
      16
      14
      15
      20
      13
      21
      18
      13
      10
      10
      18
      14
      17
      13
       8
      17
      17
       8
       9
      13
      10
      14
      15
      17
      13
      18
      13
      12
      16
      16
      16
      17
      14
      14
       6
      22
      18
      14
       9
       9
      19
      16
       9
      15
      19
       9
      15
       9
      11
       4
      17
      16
      11
       8
      11
      16
      10
      12
      12
      13
      10
      11
      13
      10
      16
       6
      19
      11
       9
      14
       9
      16
      14
      23
       8
       8
      12
      13
      16
      10
      17
      16
      12
      16
      14
      12
      17
       8
      13
      14
      16
      14
      21
      12
      11
      19
      15
       8
      15
      12
      14
      14
      12
      13
      16
       9
      14
      15
      11
      12
      11
      12
      14
      13
      14
      10
      10
      10
      10
      13
       9
      17
      11
      14
       8
      13
      11
      11
      13
       9
      14
      12
      17
      12
       6
       5
      12
      11
      14
      10
      11
      10
      13
       8
      13
      10
       8
      12
      12
       9
      12
      14
      14
      13
      10
       9
      15
      11
      16
       5
      11
      12
      13
      13
      11
       9
       9
      14
       6
      12
       6
      13
      11
      13
      20
       9
      11
       8
      11
      12
      10
      16
      10
      13
      13
      12
      20
      10
      11
      11
       8
      12
      15
       8
      12
       9
      14
      22
      11
      14
      11
      11
      11
      14
      12
      13
      11
      11
      13
      11
       6
       9
      18
      15
      16
      16
      12
      17
      13
      10
       6
      11
       9
      10
      12
       8
       9
      14
      14
      12
      12
      13
       9
      11
       8
      13
       7
      12
      10
      11
       6
      13
      11
      12
      10
       9
       8
       8
      13
      15
      14
       7
      13
      14
      12
       6
      14
      14
      16
       9
      12
      16
       8
      10
      15
       9
       4
      12
      18
       4
      14
      13
      27
      25
      31
      39
      36
      45
      24
      18
      13
       5
      17
      11
      14
      14
      12
      13
      12
      13
      13
      12
      14
      18
      15
      12
      11
      10
      10
       7
      11
      11
      12
      12
      11
      14
      14
       8
      14
      12
      10
      14
      10
       4
      11
      10
      13
      10
       8
      12
      17
      14
      15
       8
      11
      14
      11
       9
       7
      13
      10
      18
       9
       9
       8
      11
      19
      12
      12
       4
      13
      20
      14
       9
       8
      10
       9
      13
       7
       8
      12
      14
      10
      13
      14
      12
       9
      10
      10
      14
      11
      15
      17
       9
      11
      10
      14
      10
      20
       9
      10
      11
      11
       7
      15
      12
      13
      16
      22
      14
      11
      13
       4
      11
      15
       5
      14
      11
      14
      12
      10
      11
      10
      10
      11
      16
      12
       9
      10
       8
       9
      11
      13
      14
      10
      25
      10
      10
      10
      17
       9
       7
      12
      18
      14
       8
      10
      15
      15
      10
      11
      13
      13
      11
      10
       6
      16
      13
      10
      16
      16
      11
       6
      21
       7
      17
       9
      14
      13
      13
      12
      12
      15
      15
      16
      10
      14
       7
      11
       7
      15
       9
      11
      18
      13
      11
      16
      11
      12
      16
       7
      10
       8
      10
      13
      12
       9
      11
      12
      20
      14
      15
      10
      13
      11
      15
      10
      11
      20
       7
       9
      12
      13
      12
      15
      17
      10
      16
      12
       8
      11
       7
       7
       4
      10
      13
      12
      11
      13
      13
      12
      12
      12
      14
      12
      14
       8
      13
      14
      10
      10
       8
       9
       6
      13
      11
       9
      11
      11
       7
      15
      11
       8
       9
       9
      14
       9
      11
      18
      13
       9
      12
       9
       7
      12
       8
      14
       5
      15
       6
      12
       9
       9
      12
       9
       7
      13
       7
      12
      15
      17
      16
       9
       9
       8
      10
       8
      10
      10
       8
      12
      11
       5
       4
      10
      13
       9
       8
       9
      10
      10
      10
      10
      16
      13
       7
       9
       6
       9
      15
      17
      13
      12
      14
      13
      11
       9
      12
      11
       5
       7
       9
      10
      10
      12
      15
       8
       6
       8
      11
      10
      10
      10
      14
      16
      13
      10
       5
      15
      10
      17
       8
      12
      14
      14
      14
      23
      21
      18
      14
      15
      13
       8
       8
      11
      13
       8
      10
      12
      10
      12
      11
      11
       9
      10
      13
      15
      12
      11
       5
      13
      15
       7
       8
      10
      14
      13
       6
      13
       7
       6
      11
       7
       8
      14
      11
       9
       6
       7
       9
       9
      11
      11
      15
       8
      14
      11
       7
       9
       6
       6
       7
       7
      11
      11
      15
      12
      13
      10
       8
       7
       9
      13
       9
      10
      10
       7
      11
       8
       9
      13
      10
       7
      11
       7
       8
       8
       9
      10
       8
      10
       6
      11
       7
      12
       8
       9
       9
       6
       6
       6
      12
       8
       6
      11
       8
       9
       9
       8
       6
      11
       7
       4
       7
      12
       6
      17
       8
       3
       6
       6
       8
       7
       9
       6
      13
      11
       7
      13
       6
      13
      10
      11
      15
      14
       9
       5
      11
       9
       6
       8
       2
       8
      11
       9
      13
      17
      12
      15
      10
       6
       7
      14
       6
       9
      10
       7
      15
       9
      10
       9
       7
      11
       9
       8
      10
       6
      12
       9
       2
       8
       3
      10
       6
       5
      14
      12
       4
       7
       9
       6
       6
       4
       8
       3
       6
      10
       7
      10
       8
       8
       8
      11
       7
       9
       8
       7
      10
       3
       9
      10
      17
      14
       6
       8
      12
      12
       9
      10
       5
       3
      10
       7
       8
       8
       3
      10
       7
      10
      12
       4
       6
       7
       7
       8
       9
       5
       3
       9
       7
       8
       9
       5
       6
       7
      12
       3
       8
       6
       4
       4
       9
       5
       2
       5
       5
       8
       9
       7
       8
      12
       5
       8
       4
       8
       6
       9
       7
       7
       7
      13
       2
       8
       6
       5
       6
       3
      10
       5
       7
       8
       4
       7
       7
       7
      12
       7
       7
      12
      10
       6
      10
       6
      10
       1
       7
       8
       6
       6
       8
       8
      13
       2
       5
       5
       8
       5
       4
       9
       7
       6
      11
       8
       8
       6
       6
       8
       9
      10
       6
       9
       6
       1
       7
       6
       5
       5
       9
       4
       6
       5
       6
       8
       7
      12
       6
       9
       6
       3
       4
       6
      10
       5
      10
       7
       4
       7
       7
       4
       4
       7
      13
      10
      10
       6
       9
       3
       6
       6
       6
       8
       4
       5
       7
      12
       9
       3
       6
       8
       4
       6
       7
       9
       3
       4
       4
       8
       6
       8
       8
      11
       7
       5
       6
      12
      11
       5
       8
       5
       8
       7
       7
       8
       6
       9
       6
       8
       6
       7
       7
       7
       5
       5
       2
       5
       6
       7
       4
      10
       3
       9
       3
       6
       9
       3
       8
       1
       4
       7
      15
      18
      21
      13
      14
      11
       9
       8
       7
       5
       7
       5
       6
       4
       3
       5
       7
      10
       5
       6
       6
      10
       6
      10
       8
      13
       8
      11
       8
       7
       6
       4
       8
       6
       5
      11
       5
       3
       7
       6
       2
       5
      12
      10
       3
       6
       7
       3
       2
       3
       7
       4
       3
       8
       6
       6
       9
       7
       3
       4
       7
       4
       8
       4
      11
       7
       5
       5
       8
       7
       6
       7
      15
       8
       6
      12
      12
       7
       7
       6
       2
       4
       5
       3
       7
       2
       5
       6
       9
      11
       5
      11
       7
      14
       7
       3
       0
       3
       5
       5
       5
       4
      11
       5
       7
       5
       3
       9
       7
       5
       7
       6
       9
       6
       6
       8
       5
       4
       8
       6
       3
       6
       6
       9
       1
       4
       5
       5
       0
       3
      10
       3
       6
       5
       8
       4
       6
       6
       6
       9
       5
       7
       8
       7
       8
       8
       5
      11
       4
       4
       8
       4
       6
       4
       8
       4
       6
       7
       4
      11
       4
      12
       9
       2
       7
      11
       2
       5
       1
      10
       5
       6
       4
       5
       6
       9
       5
       3
       5
       7
       7
       4
       6
       9
       3
       5
       8
       4
       5
       3
       8
       5
      12
       7
       4
       6
       5
       2
       6
       8
       7
       6
       3
       2
       8
       4
       5
       7
       3
       5
       4
       5
       5
       6
       6
       6
       9
       1
       3
       5
       6
       6
       5
       5
       5
       5
       7
       5
       6
       5
       7
       6
       5
       6
       5
      10
       4
      14
      15
      27
      49
      80
     116
     134
     147
     106
      85
      42
      18
       8
       9
       5
       5
       6
       1
       4
       3
       6
       6
       3
       4
       8
       3
       3
       4
       5
       8
       4
       3
       6
       8
       4
       2
       4
       1
       6
       7
       2
       4
       1
       9
       8
       2
       4
       6
       6
       2
       4
       4
       8
       5
       5
       5
       4
       5
       8
       3
       2
       9
       4
       6
       3
       3
       4
       4
       4
       6
       6
       3
       5
       7
       3
       4
       7
       5
       6
       4
       7
       5
       7
       1
       4
       6
       5
       2
       0
       4
       3
       7
       4
       4
       4
       6
       3
       5
       5
       4
       3
       6
       8
       5
       7
       6
       4
       8
      14
       4
       3
       6
       4
       6
       4
       8
       7
       5
       0
       5
       6
       2
      12
      10
      10
       4
       9
       7
       8
       3
       0
       0
       6
       4
       6
       6
       6
       1
       8
       5
       7
       1
       5
       7
      10
      13
      11
      12
       9
       2
       6
       6
       5
       6
       8
       6
       2
       7
       5
       3
       4
       5
       4
       4
       1
       2
       5
       1
       3
       5
       3
       4
       4
       7
       5
       5
       3
       5
       3
       6
       2
       6
       3
       6
       1
       5
       3
       2
       3
       9
       9
       3
       5
       1
       5
       2
       5
      10
       3
       7
       4
       4
       5
       4
       1
       7
       6
       1
       6
       7
       3
       3
       6
       4
       2
       5
       6
       4
       5
       4
       7
       3
       2
       7
       6
       6
       4
       5
       2
       5
       4
       9
       4
       2
       4
       7
       4
       3
       2
       5
       4
       6
       4
       5
       4
       5
       7
       6
       9
       1
       1
       1
       6
       3
       5
       4
       3
       7
       3
       5
       2
       1
       7
       2
       5
       4
       5
       3
       4
       3
       2
       6
       3
       4
       3
       4
       0
       5
       2
       6
       5
       2
       6
       5
       3
       6
       4
       4
       2
       3
       2
       3
       2
       5
       5
       8
       1
       5
       5
       4
       4
       5
       4
       5
       4
       5
       2
       2
       3
       5
       3
       1
       3
       5
       3
       4
       5
       7
       4
       4
       4
       3
       2
       4
       4
       5
       5
       5
       8
       3
       4
       6
       4
       1
       3
       3
       1
       2
       9
       6
       8
       8
       4
       2
       3
       9
       4
       8
       3
       3
       3
       3
       4
       3
       3
       7
       4
       3
       7
       2
       4
       5
       3
       2
       5
       6
       4
       3
       4
       3
       3
       4
       3
       3
       7
       7
       5
       3
       2
       3
       2
       8
       5
       8
       4
       9
       3
      16
      14
       8
      13
       6
       4
       9
       9
       9
       8
       1
       6
       5
       6
       7
       5
       2
       4
       2
       6
       3
       3
       3
       1
       2
       5
       5
       1
       2
       5
       4
       0
       3
       7
       5
       5
       5
       0
       0
       9
       3
       2
       1
       3
       2
       4
       5
       3
       4
       3
       5
       4
       1
       4
       1
       2
       6
       7
       5
       0
       2
       2
       3
       3
       1
       3
       2
       3
       2
       2
       5
       4
       4
       4
       3
       7
       4
       0
       6
       4
       2
       6
       9
       4
       4
       5
       3
       6
       5
       1
       5
       3
       5
       3
       5
       7
       2
       5
       3
       3
       4
       3
       4
       6
       4
       4
       6
       4
       4
       7
       8
       3
       6
       6
       6
       5
      10
       1
       3
       2
       3
       6
       3
       3
       5
       1
       4
       3
       5
       7
       3
       4
       2
       3
       5
       5
       4
       4
       5
       5
       0
       3
       4
       1
       6
       4
       4
       1
       1
       3
       2
       6
       4
       6
       5
       4
       3
       3
       8
       2
       2
       1
       3
       2
       6
       4
       4
       3
       0
       3
       3
       2
       2
       1
       4
       2
       2
       0
       4
       3
       1
       4
       3
       6
       1
       4
       1
       3
       3
       5
       3
       6
       0
       6
       4
       5
       2
       5
       0
       4
       5
       6
       9
       8
       4
       5
       4
       3
       3
       1
       1
       2
       2
       3
       2
       5
       3
       5
       4
       1
       4
       4
       5
       5
       3
       3
       4
       4
       1
       2
       7
       5
       4
       1
       4
       2
       4
       3
       2
       3
       3
       1
       7
       2
       5
       4
       1
       4
       5
       2
       2
       2
       0
       2
       1
       3
       4
       4
       1
       3
       1
       2
       1
       1
       3
       6
       1
       3
       4
       0
       4
       4
       2
       4
       2
       3
       5
       7
       1
       4
       2
       2
       3
       4
       2
       4
       0
       1
       2
       7
       4
       2
       2
       4
       4
       2
       3
       5
       5
       1
       1
       5
       2
       2
       4
       1
       0
       2
       3
       1
       2
       1
       3
       0
       5
       2
       4
       4
       4
       3
       6
       4
       3
       3
       1
       9
       2
       5
       1
       1
       4
       3
       5
       2
       1
       3
       2
       1
       4
       3
       3
       6
       4
       4
       3
       1
       4
       1
       5
       2
       0
       0
       1
       3
       3
       2
       5
       5
       2
       0
       1
       0
       2
       3
       3
       4
       2
       4
       5
       3
       5
       0
       0
       1
       6
       3
       2
       1
       4
       4
       2
       3
       3
       4
       3
       3
       4
       6
       2
       2
       3
       7
       6
       2
       5
       9
       9
      10
      15
      12
       3
       8
       6
       7
       2
       2
       0
       4
       7
       1
       0
       4
       0
       1
       3
       7
       3
       3
       5
       4
       1
       2
       2
       5
       3
       3
       1
       4
       2
       3
       2
       5
       5
       1
       2
       2
       1
       2
       2
       5
       1
       3
       0
       1
       1
       1
       1
       1
       3
       1
       3
       3
       2
       2
       3
       3
       2
       4
       3
       1
       2
       2
       1
       3
       1
       2
       2
       0
       5
       1
       2
       3
       3
       4
       0
       3
       2
       3
       2
       1
       4
       2
       2
       2
       4
       2
       0
       4
       3
       5
       2
       5
       0
       3
       7
      15
      22
      25
      52
      41
      47
      49
      19
      13
       8
       7
       4
       1
       3
       5
       6
       2
       1
       3
       2
       3
       1
       1
       1
       5
       2
       3
       2
       3
       1
       3
       3
       1
       2
       4
       2
       3
       4
       2
       4
       0
       3
       2
       0
       2
       1
       3
       1
       3
       4
       4
       1
       2
       2
       3
       2
       6
       2
       4
       2
       0
       3
       2
       3
       0
       1
       0
       3
       3
       1
       4
       2
       1
       2
       0
       4
       1
       5
       1
       3
       2
       5
       1
       2
       2
       2
       2
       3
       7
       4
       5
       2
       2
       4
       0
       0
       3
       4
       2
       3
       5
       3
       2
       5
       3
       2
       2
       3
       4
       0
       3
       4
       1
       4
       1
       4
       4
       6
       3
       2
       5
       1
       2
       4
       5
       2
       1
       4
       4
       4
       0
       1
       2
       2
       1
       1
       5
       2
       1
       5
       3
       1
       3
       6
       3
       1
       3
       3
       2
       4
       2
       3
       2
       2
       0
       4
       0
       4
       3
       5
       2
       3
       0
       3
       1
       3
       3
       2
       1
       3
       4
       2
       5
       3
       3
       1
       0
       2
       3
       2
       4
       2
       3
       3
       0
       1
       0
       2
       3
       1
       0
       2
       3
       2
       4
       1
       1
       1
       5
       4
       2
       1
       3
       2
       2
       2
       2
       4
       2
       3
       6
       2
       1
       3
       2
       2
       5
       0
       5
       3
       7
       0
       4
       1
       3
       5
       4
       2
       5
       0
       1
       4
       1
       3
       4
       1
       1
       3
       2
       2
       3
       5
      12
       7
       9
      11
       8
       9
       2
       2
       0
       3
       3
       2
       4
       3
       3
       1
       2
       3
       3
       3
       1
       3
       0
       5
       5
       2
       4
       1
       2
       2
       2
       1
       2
       2
       3
       2
       2
       0
       4
       2
       2
       2
       2
       0
       3
       1
       2
       2
       4
       7
       3
       2
       0
       2
       1
       5
       5
       4
       3
       3
       4
       1
       2
       3
       5
       3
       4
       5
       3
       1
       4
       6
       1
       2
       4
       1
       7
       6
       2
       3
       3
       2
       2
       1
       3
       4
       5
       4
       1
       4
       3
       1
       7
       1
       4
       2
       1
       3
       1
       1
       4
       2
       7
       1
       2
       2
       0
       3
       3
       3
       1
       1
       2
       2
       5
       3
       2
       3
       2
       1
       2
       0
       3
       2
       1
       2
       3
       3
       2
       2
       2
       3
       1
       2
       2
       3
       3
       5
       0
       0
       2
       2
       5
       5
       2
       4
       4
       3
       5
       3
       4
       2
       2
       3
       4
       1
       3
       2
       4
       3
       2
       6
       1
       2
       1
       2
       2
       2
       3
       4
       3
       4
       2
       1
       1
       1
       2
       1
       4
       3
       2
       2
       7
       0
       4
       1
       5
       1
       2
       4
       2
       1
       1
       3
       1
       1
       0
       1
       5
       3
       4
       5
       6
       3
       2
       1
       3
       2
       3
       2
       3
       1
       2
       3
       1
       1
       4
       3
       6
       3
       1
       2
       2
       2
       1
       3
       0
       3
       1
       2
       1
       2
       2
       3
       0
       3
       0
       0
       1
       2
       5
       5
       3
       4
       3
       1
       4
       6
       0
       1
       1
       0
       5
       1
       1
       4
       3
       1
       1
       3
       1
       1
       2
       6
       0
       2
       3
       4
       2
       4
       0
       3
       0
       0
       0
       3
       3
       3
       2
       2
       5
       2
       0
       2
       2
       2
       1
       3
       2
       1
       2
       1
       3
       4
       2
       3
       3
       3
       1
       6
       2
       3
       0
       0
       2
       2
       1
       2
       4
       1
       3
       2
       5
       1
       1
       1
       2
       1
       0
       1
       5
       3
       5
       1
       3
       2
       2
       1
       3
       2
       1
       2
       3
       1
       2
       2
       2
       2
       0
       2
       2
       1
       1
       0
       1
       3
       4
       1
       0
       4
       4
       3
       1
       3
       0
       3
       1
       1
       2
       2
       1
       3
       1
       2
       3
       1
       2
       2
       5
       2
       2
       3
       3
       1
       2
       1
       2
       1
       0
       3
       3
       2
       2
       5
       2
       3
       1
       0
       2
       2
       3
       2
       2
       2
       2
       2
       1
       3
       1
       2
       1
       2
       0
       2
       0
       2
       2
       3
       5
       0
       4
       3
       6
       2
       1
       1
       1
       3
       0
       3
       1
       3
       2
       1
       4
       0
       1
       2
       1
       0
       1
       1
       3
       1
       2
       2
       1
       4
       0
       0
       3
       3
       3
       4
       2
       2
       7
       0
       2
       6
       0
       1
       0
       1
       3
       0
       1
       0
       1
       2
       2
       2
       3
       3
       2
       1
       1
       5
       0
       4
       1
       2
       0
       1
       2
       2
       2
       2
       2
       3
       0
       1
       2
       2
       1
       0
       4
       2
       3
       4
       1
       1
       2
       1
       0
       5
       3
       2
       2
       0
       0
       3
       1
       3
       2
       1
       1
       2
       1
       1
       4
       1
       2
       1
       2
       2
       1
       4
       3
       1
       3
       2
       0
       0
       0
       2
       0
       1
       1
       3
       4
       0
       0
       3
       3
       1
       5
       1
       1
       1
       2
       1
       0
       3
       2
       2
       0
       3
       1
       0
       2
       1
       1
       2
       5
       2
       3
       4
       1
       4
       1
       0
       4
       1
       2
       2
       1
       3
       2
       4
       2
       2
       0
       3
       4
       3
       1
       1
       2
       3
       4
       0
       5
       2
       6
       4
       2
       0
       2
       0
       2
       2
       2
       3
       1
       1
       1
       3
       3
       1
       1
       2
       3
       3
       2
       1
       3
       1
       0
       1
       1
       0
       6
       3
       2
       2
       6
       1
       5
       0
       5
       2
       0
       2
       6
       2
       1
       3
       2
       2
       1
       2
       2
       0
       3
       0
       0
       3
       3
       5
       3
       2
       1
       3
       2
       2
       5
       1
       1
       2
       0
       2
       4
       3
       3
       0
       0
       4
       2
       2
       3
       3
       2
       2
       0
       1
       3
       3
       5
       1
       2
       1
       3
       1
       2
       1
       1
       2
       3
       0
       3
       4
       4
       1
       3
       1
       4
       2
       1
       1
       2
       1
       2
       0
       4
       2
       4
       1
       1
       0
       1
       1
       2
       0
       1
       0
       2
       3
       4
       2
       5
       3
       2
       2
       0
       4
       3
       1
       2
       1
       3
       1
       1
       1
       1
       0
       1
       1
       1
       2
       3
       2
       0
       1
       4
       2
       2
       3
       3
      11
       6
       3
       8
       3
       6
       3
       5
       7
       6
       2
       5
       1
       6
       2
       4
       4
       2
       0
       2
       3
       2
       1
       1
       5
       4
       3
       1
       2
       2
       4
       1
       5
       3
       2
       3
       3
       2
       0
       0
       1
       2
       3
       3
       4
       4
       4
       5
       3
       7
       6
       4
       1
       2
       2
       0
       1
       0
       0
       0
       5
       1
       3
       5
       1
       2
       4
       1
       3
       4
       2
       4
       0
       1
       0
       5
       4
       4
       1
       5
       0
       0
       0
       0
       2
       3
       1
       0
       2
       5
       0
       0
       3
       1
       5
       2
       2
       1
       4
       2
       1
       7
       3
       2
       3
       0
       1
       5
       2
       0
       0
       1
       2
       1
       2
       5
       1
       3
       2
       2
       3
       1
       1
       2
       3
       0
       3
       1
       0
       2
       1
       0
       2
       0
       3
       3
       2
       4
       0
       6
       1
       0
       0
       1
       1
       2
       0
       1
       3
       0
       1
       1
       0
       1
       3
       1
       3
       1
       2
       3
       1
       0
       1
       1
       1
       2
       1
       0
       4
       1
       1
       3
       0
       2
       1
       1
       2
       2
       1
       2
       1
       1
       1
       1
       2
       0
       1
       3
       3
       4
       1
       1
       2
       3
       0
       1
       4
       2
       1
       2
       5
       2
       2
       1
       3
       0
       5
       2
       1
       2
       2
       0
       2
       3
       0
       3
       3
       0
       1
       3
       0
       0
       0
       2
       2
       2
       3
       1
       0
       1
       0
       3
       6
       1
       5
       4
       0
       4
       1
       2
       2
       2
       2
       2
       3
       4
       0
       1
       2
       1
       2
       1
       5
       4
       1
       2
       0
       4
       5
       4
       1
       1
       1
       2
       0
       1
       2
       3
       2
       0
       0
       3
       1
       3
       1
       4
       3
       4
       5
       0
       4
       4
       2
       2
       1
       1
       2
       1
       3
       4
       3
       2
       1
      10
       7
       9
      11
      11
      15
       7
      14
       6
       2
       1
       4
       1
       2
       1
       0
       0
       2
       0
       2
       3
       4
       2
       3
       2
       1
       2
       0
       3
       2
       4
       1
       0
       1
       0
       0
       1
       2
       2
       0
       1
       1
       0
       1
       4
       2
       2
       5
       2
       0
       1
       4
       0
       2
       0
       1
       2
       2
       2
       2
       0
       3
       1
       0
       1
       1
       2
       0
       0
       2
       2
       0
       3
       2
       0
       0
       1
       2
       0
       1
       4
       1
       1
       0
       3
       2
       2
       0
       2
       1
       4
       2
       3
       3
       5
       3
       1
       1
       1
       2
       1
       3
       0
       0
       2
       1
       1
       2
       0
       3
       0
       1
       1
       1
       0
       1
       0
       1
       1
       0
       0
       2
       0
       3
       2
       0
       2
       1
       2
       1
       1
       1
       4
       3
       2
       3
       1
       1
       6
       2
       3
       2
       0
       3
       4
       0
       3
       0
       2
       2
       0
       3
       2
       0
       0
       3
       1
       3
       0
       4
       1
       3
       2
       2
       2
       3
       2
       4
       3
       2
       0
       2
       2
       1
       4
       1
       2
       2
       1
       2
       0
       3
       3
       1
       1
       1
       3
       1
       1
       1
       3
       3
       6
       3
       3
       3
       2
       1
       4
       2
       2
       2
       1
       2
       0
       2
       1
       1
       0
       1
       0
       1
       3
       1
       1
       2
       3
       3
       2
       1
       0
       1
       1
       1
       1
       2
       3
       0
       1
       0
       1
       1
       2
       2
       1
       4
       1
       3
       1
       1
       4
       2
       2
       3
       2
       0
       1
       0
       1
       4
       1
       1
       2
       5
       1
       1
       1
       4
       2
       1
       4
       5
       1
       2
       0
       3
       2
       4
       1
       2
       3
       1
       4
       0
       3
       4
       2
       1
       0
       2
       3
       0
       0
       0
       0
       1
       1
       1
       0
       1
       0
       0
       2
       1
       3
       0
       3
       1
       4
       2
       1
       1
       0
       1
       0
       3
       1
       0
       3
       0
       1
       2
       2
       0
       1
       1
       0
       1
       0
       4
       4
       0
       0
       5
       1
       4
       1
       2
       2
       3
       0
       2
       4
       1
       1
       1
       3
       2
       2
       2
       1
       2
       2
       2
       2
       3
       3
       4
       1
       1
       1
       1
       0
       0
       3
       0
       2
       1
       1
       2
       2
       1
       1
       0
       3
       2
       3
       3
       1
       1
       2
       4
       1
       2
       1
       1
       2
       1
       2
       2
       3
       1
       3
       3
       3
       1
       1
       0
       2
       3
       0
       1
       1
       3
       0
       1
       0
       7
       2
       1
       0
       3
       1
       0
       4
       2
       4
       0
       1
       2
       3
       1
       2
       1
       3
       2
       3
       4
       1
       2
       0
       2
       2
       1
       1
       2
       1
       2
       4
       3
       4
       2
       4
       4
       2
       1
       3
       2
       3
       2
       1
       1
       0
       2
       0
       2
       2
       3
       1
       3
       2
       0
       1
       3
       1
       5
       5
       6
       2
       0
       3
       3
       0
       0
       1
       0
       1
       1
       3
       2
       2
       1
       4
       5
       2
       3
       0
       1
       4
       2
       3
       1
       2
       0
       1
       2
       3
       0
       2
       3
       0
       1
       3
       2
       0
       2
       2
       0
       0
       3
       1
       1
       1
       5
       3
       1
       0
       1
       1
       2
       1
       0
       2
       4
       3
       1
       1
       1
       1
       0
       2
       3
       1
       1
       3
       2
       2
       1
       3
       0
       1
       0
       0
       0
       0
       1
       2
       2
       2
       1
       0
       1
       2
       2
       0
       3
       4
       2
       3
       1
       1
       1
       0
       0
       0
       1
       4
       2
       2
       3
       1
       1
       1
       1
       0
       0
       1
       4
       1
       2
       0
       3
       3
       3
       2
       1
       1
       0
       2
       1
       2
       2
       0
       2
       0
       1
       2
       0
       2
       2
       2
       2
       2
       1
       0
       1
       1
       5
       3
       2
       0
       0
       0
       2
       0
       1
       0
       3
       0
       1
       1
       0
       1
       3
       2
       2
       2
       0
       3
       1
       3
       1
       0
       2
       1
       1
       0
       2
       2
       1
       1
       2
       0
       2
       1
       1
       1
       1
       1
       0
       4
       2
       0
       2
       2
       2
       1
       4
       1
       0
       2
       1
       3
       1
       1
       1
       0
       0
       2
       1
       0
       0
       2
       2
       2
       2
       1
       0
       0
       1
       0
       2
       0
       3
       1
       1
       3
       1
       1
       1
       0
       0
       1
       1
       1
       1
       1
       1
       1
       3
       0
       2
       0
       1
       1
       1
       3
       1
       3
       3
       1
       0
       1
       1
       0
       6
       4
       7
       2
       2
       9
       3
       6
       1
       0
       2
       1
       0
       2
       1
       1
       2
       0
       2
       0
       1
       2
       2
       1
       0
       0
       1
       1
       1
       0
       1
       4
       2
       0
       1
       2
       0
       1
       4
       0
       1
       0
       0
       1
       1
       0
       2
       1
       0
       1
       3
       1
       2
       2
       0
       0
       0
       1
       2
       0
       0
       1
       1
       1
       0
       1
       0
       0
       1
       0
       0
       3
       3
       3
       0
       1
       1
       3
       1
       0
       1
       0
       1
       1
       1
       0
       1
       1
       3
       1
       1
       1
       0
       2
       1
       1
       0
       0
       3
       0
       1
       1
       1
       3
       1
       1
       1
       4
       2
       0
       0
       1
       1
       0
       1
       0
       0
       2
       0
       0
       0
       1
       0
       2
       1
       0
       0
       1
       3
       0
       1
       2
       0
       1
       1
       1
       0
       1
       0
       5
       1
       1
       1
       0
       0
       0
       1
       2
       1
       1
       0
       0
       1
       0
       1
       0
       0
       2
       2
       1
       1
       3
       0
       1
       1
       0
       0
       1
       0
       0
       1
       2
       2
       0
       0
       0
       0
       0
       2
       1
       0
       0
       1
       1
       0
       0
       2
       1
       1
       1
       1
       0
       0
       2
       1
       0
       0
       0
       0
       1
       1
       3
       1
       1
       0
       0
       1
       1
       0
       0
       0
       1
       0
       1
       1
       1
       0
       1
       0
       0
       1
       1
       1
       1
       0
       1
       0
       0
       1
       0
       0
       3
       3
       0
       0
       1
       1
       0
       2
       1
       1
       0
       0
       1
       2
       1
       0
       1
       0
       2
       0
       1
       1
       0
       0
       0
       1
       1
       1
       2
       2
       0
       0
       0
       0
       0
       3
       1
       1
       1
       2
       0
       0
       1
       0
       1
       2
       1
       0
       1
       1
       1
       0
       0
       1
       1
       0
       1
       3
       0
       0
       1
       4
       1
       0
       0
       0
       0
       1
       2
       0
       0
       1
       0
       0
       0
       1
       0
       1
       0
       0
       0
       1
       1
       0
       0
       0
       1
       0
       1
       0
       0
       0
       0
       0
       0
       1
       1
       0
       0
       0
       1
       0
       2
       0
       0
       0
       1
       0
       0
       0
       1
       0
       0
       1
       0
       1
       1
       0
       0
       0
       2
       0
       1
       1
       2
       2
       0
       0
       1
       0
       1
       2
       1
       1
       1
       0
       2
       0
       0
       0
       1
       1
       1
       0
       0
       0
       0
       1
       0
       1
       0
       0
       1
       2
       1
       0
       0
       1
       2
       1
       1
       2
       0
       3
       3
       0
       2
       0
       1
       0
       1
       0
       0
       0
       1
       0
       2
       1
       0
       1
       1
       3
       0
       0
       1
       1
       1
       0
       0
       0
       0
       1
       1
       1
       3
       0
       1
       2
       0
       0
       2
       0
       1
       0
       0
       1
       1
       2
       1
       0
       1
       1
       1
       1
       0
       1
       2
       0
       1
       1
       1
       0
       1
       0
       2
       0
       1
       1
       1
       1
       0
       2
       2
       0
       0
       0
       0
       1
       0
       2
       0
       1
       2
       0
       1
       1
       1
       0
       1
       2
       3
       4
       5
      10
      17
      24
      41
      33
      28
      29
      19
      12
      11
       3
       2
       1
       1
       1
       0
       1
       2
       1
       1
       0
       0
       1
       0
       1
       1
       0
       2
       0
       1
       0
       1
       1
       0
       1
       1
       0
       0
       3
       3
       1
       1
       1
       1
       0
       0
       0
       0
       0
       0
       2
       0
       1
       0
       0
       1
       0
       0
       1
       1
       1
       0
       0
       0
       0
       0
       1
       1
       0
       0
       0
       1
       0
       0
       0
       0
       1
       0
       1
       0
       2
       0
       1
       1
       0
       0
       0
       1
       2
       1
       1
       0
       1
       2
       0
       0
       2
       2
       2
       1
       0
       1
       1
       0
       1
       0
       0
       1
       0
       0
       0
       0
       0
       1
       0
       0
       1
       0
       0
       0
       0
       0
       0
       0
       0
       0
       0
       1
       0
       2
       0
       1
       2
       0
       3
       0
       0
       1
       0
       0
       0
       0
       0
       0
       1
       2
       1
       0
       0
       0
       0
       0
       0
       2
       0
       3
       0
       1
       3
       0
       3
       0
       0
       3
       0
       0
       0
       0
       0
       1
       2
       2
       0
       1
       0
       0
       0
       0
       0
       0
       2
       0
       0
       0
       0
       0
       3
       0
       1
       1
       3
       0
       0
       2
       0
       0
       0
       1
       0
       0
       1
       0
       0
       0
       0
       1
       2
       0
       2
       0
       0
       1
       0
       2
       1
       0
       0
       0
       1
       1
       1
       0
       1
       1
       0
       0
       0
       2
       0
       0
       0
       0
       0
       0
       0
       1
       1
       0
       0
       0
       0
       0
       0
       1
       0
       1
       0
       1
       0
       0
       0
       1
       0
       0
       0
       0
       0
       1
       2
       0
       1
       1
       2
       1
       0
       1
       0
       1
       2
       0
       1
       1
       0
       0
       0
       0
       0
       2
       2
       0
       1
       1
       1
       0
       0
       0
       0
       1
       0
       0
       0
       1
       0
       0
       0
       2
       2
       1
       0
       4
       0
       1
       0
       0
       0
       0
       1
       2
       0
       0
       0
       0
       3
       0
       0
       1
       0
       0
       0
       1
       0
       0
       0
       1
       1
       3
       0
       1
       0
       0
       1
       0
       0
       0
       0
       0
       0
       1
       0
       0
       0
       0
       0
       0
       0
       0
       0
       1
       0
       0
       1
       0
       1
       2
       0
       2
       0
       1
       1
       0
       1
       1
       0
       1
       1
       1
       2
       2
       0
       0
       2
       1
       0
       1
       0
       0
       1
       1
       0
       1
       1
       0
       0
       0
       0
       0
       0
       3
       0
       0
       0
       1
       0
       0
       0
       1
       0
       0
       0
       0
       0
       1
       1
       1
       1
       0
       1
       1
       1
       0
       0
       0
       0
       0
       0
       0
       0
       1
       0
       1
       0
       1
       1
       0
       0
       2
       0
       0
       0
       0
       4
       1
       7
       4
       7
       9
       6
       2
       2
       8
       6
       7
       2
       4
       3
       4
       4
       7
       5
       7
       4
       1
       7
       3
       8
       5
       6
       4
       3
      10
       7
      10
       2
       8
       4
       3
       7
       9
       3
       8
       3
       3
       8
       7
       1
       4
       3
       7
       3
       7
       4
       2
       4
       4
       8
       5
       4
       6
       6
       6
       7
       3
       1
       6
       4
       8
       5
       6
       5
       3
       2
       6
       5
       4
       5
       0
       3
       6
       2
       5
       6
       6
       3
       4
       2
       2
       4
       3
       5
       3
       9
       2
       3
       7
       4
       2
       4
       5
       3
       2
       6
       9
       9
       5
       3
       7
       6
       2
       6
       4
       5
       6
       7
       5
      11
       8
       3
       2
       4
       5
       9
       8
       5
       1
       5
       5
       3
       2
       1
       4
       3
       6
       3
       0
       5
       4
       3
       4
       5
       3
       5
       0
       4
       6
       6
       3
       3
       7
       2
       2
       4
       7
       6
       2
       5
       5
       4
       7
       0
       1
       8
       1
       7
       4
       5
       6
       3
       3
       7
       3
       4
       2
       8
       2
       3
       2
       4
       3
       3
       5
       9
       2
       3
       1
       2
$ROI:
6
112 115
211 241
384 394
596 612
615 621
1181 1201
$PRESETS:
None
0
0
$ENER_FIT:
-3.068388 0.575002
$MCA_CAL:
3
-3.068388E+000 5.750019E-001 0.000000E+000 keV
$SHAPE_CAL:
3
1.505919E+000 9.254546E-004 0.000000E+000
