  1	 33.7	5.0	0.8688	5.86
  2	 34.2	5.0	0.8835	6.04
  3	 34.4	4.9	0.8833	6.20
  4	 34.3	4.9	0.8832	6.18
  5	 34.3	5.0	0.8756	6.01
  6	 34.4	4.9	0.8695	6.10
  7	 34.4	4.9	0.8082	5.67
  8	 34.3	4.9	0.8540	5.98
  9	 34.5	4.9	0.8569	6.03
 10  34.4	4.9	0.8534	5.99
 11	 34.5	4.8	0.8518	6.12
 12	 34.6	4.8	0.8496	6.12
 13	 34.0	4.9	0.8460	5.87
 14	 34.3	4.8	0.8350	5.97
 15	 34.1	4.9	0.8200	5.71
 16	 34.1	4.8	0.8270	5.88
 17	 34.2	4.8	0.8160	5.81
 18	 34.3	4.8	0.8250	5.90
 19	 34.7	4.8	0.8210	5.94
 20	 34.9	4.8	0.8205	5.97
%100	100.0	4.1	510.3